frame, face_id, timestamp, confidence, success, gaze_0_x, gaze_0_y, gaze_0_z, gaze_1_x, gaze_1_y, gaze_1_z, gaze_angle_x, gaze_angle_y, eye_lmk_x_0, eye_lmk_x_1, eye_lmk_x_2, eye_lmk_x_3, eye_lmk_x_4, eye_lmk_x_5, eye_lmk_x_6, eye_lmk_x_7, eye_lmk_x_8, eye_lmk_x_9, eye_lmk_x_10, eye_lmk_x_11, eye_lmk_x_12, eye_lmk_x_13, eye_lmk_x_14, eye_lmk_x_15, eye_lmk_x_16, eye_lmk_x_17, eye_lmk_x_18, eye_lmk_x_19, eye_lmk_x_20, eye_lmk_x_21, eye_lmk_x_22, eye_lmk_x_23, eye_lmk_x_24, eye_lmk_x_25, eye_lmk_x_26, eye_lmk_x_27, eye_lmk_x_28, eye_lmk_x_29, eye_lmk_x_30, eye_lmk_x_31, eye_lmk_x_32, eye_lmk_x_33, eye_lmk_x_34, eye_lmk_x_35, eye_lmk_x_36, eye_lmk_x_37, eye_lmk_x_38, eye_lmk_x_39, eye_lmk_x_40, eye_lmk_x_41, eye_lmk_x_42, eye_lmk_x_43, eye_lmk_x_44, eye_lmk_x_45, eye_lmk_x_46, eye_lmk_x_47, eye_lmk_x_48, eye_lmk_x_49, eye_lmk_x_50, eye_lmk_x_51, eye_lmk_x_52, eye_lmk_x_53, eye_lmk_x_54, eye_lmk_x_55, eye_lmk_y_0, eye_lmk_y_1, eye_lmk_y_2, eye_lmk_y_3, eye_lmk_y_4, eye_lmk_y_5, eye_lmk_y_6, eye_lmk_y_7, eye_lmk_y_8, eye_lmk_y_9, eye_lmk_y_10, eye_lmk_y_11, eye_lmk_y_12, eye_lmk_y_13, eye_lmk_y_14, eye_lmk_y_15, eye_lmk_y_16, eye_lmk_y_17, eye_lmk_y_18, eye_lmk_y_19, eye_lmk_y_20, eye_lmk_y_21, eye_lmk_y_22, eye_lmk_y_23, eye_lmk_y_24, eye_lmk_y_25, eye_lmk_y_26, eye_lmk_y_27, eye_lmk_y_28, eye_lmk_y_29, eye_lmk_y_30, eye_lmk_y_31, eye_lmk_y_32, eye_lmk_y_33, eye_lmk_y_34, eye_lmk_y_35, eye_lmk_y_36, eye_lmk_y_37, eye_lmk_y_38, eye_lmk_y_39, eye_lmk_y_40, eye_lmk_y_41, eye_lmk_y_42, eye_lmk_y_43, eye_lmk_y_44, eye_lmk_y_45, eye_lmk_y_46, eye_lmk_y_47, eye_lmk_y_48, eye_lmk_y_49, eye_lmk_y_50, eye_lmk_y_51, eye_lmk_y_52, eye_lmk_y_53, eye_lmk_y_54, eye_lmk_y_55, eye_lmk_X_0, eye_lmk_X_1, eye_lmk_X_2, eye_lmk_X_3, eye_lmk_X_4, eye_lmk_X_5, eye_lmk_X_6, eye_lmk_X_7, eye_lmk_X_8, eye_lmk_X_9, eye_lmk_X_10, eye_lmk_X_11, eye_lmk_X_12, eye_lmk_X_13, eye_lmk_X_14, eye_lmk_X_15, eye_lmk_X_16, eye_lmk_X_17, eye_lmk_X_18, eye_lmk_X_19, eye_lmk_X_20, eye_lmk_X_21, eye_lmk_X_22, eye_lmk_X_23, eye_lmk_X_24, eye_lmk_X_25, eye_lmk_X_26, eye_lmk_X_27, eye_lmk_X_28, eye_lmk_X_29, eye_lmk_X_30, eye_lmk_X_31, eye_lmk_X_32, eye_lmk_X_33, eye_lmk_X_34, eye_lmk_X_35, eye_lmk_X_36, eye_lmk_X_37, eye_lmk_X_38, eye_lmk_X_39, eye_lmk_X_40, eye_lmk_X_41, eye_lmk_X_42, eye_lmk_X_43, eye_lmk_X_44, eye_lmk_X_45, eye_lmk_X_46, eye_lmk_X_47, eye_lmk_X_48, eye_lmk_X_49, eye_lmk_X_50, eye_lmk_X_51, eye_lmk_X_52, eye_lmk_X_53, eye_lmk_X_54, eye_lmk_X_55, eye_lmk_Y_0, eye_lmk_Y_1, eye_lmk_Y_2, eye_lmk_Y_3, eye_lmk_Y_4, eye_lmk_Y_5, eye_lmk_Y_6, eye_lmk_Y_7, eye_lmk_Y_8, eye_lmk_Y_9, eye_lmk_Y_10, eye_lmk_Y_11, eye_lmk_Y_12, eye_lmk_Y_13, eye_lmk_Y_14, eye_lmk_Y_15, eye_lmk_Y_16, eye_lmk_Y_17, eye_lmk_Y_18, eye_lmk_Y_19, eye_lmk_Y_20, eye_lmk_Y_21, eye_lmk_Y_22, eye_lmk_Y_23, eye_lmk_Y_24, eye_lmk_Y_25, eye_lmk_Y_26, eye_lmk_Y_27, eye_lmk_Y_28, eye_lmk_Y_29, eye_lmk_Y_30, eye_lmk_Y_31, eye_lmk_Y_32, eye_lmk_Y_33, eye_lmk_Y_34, eye_lmk_Y_35, eye_lmk_Y_36, eye_lmk_Y_37, eye_lmk_Y_38, eye_lmk_Y_39, eye_lmk_Y_40, eye_lmk_Y_41, eye_lmk_Y_42, eye_lmk_Y_43, eye_lmk_Y_44, eye_lmk_Y_45, eye_lmk_Y_46, eye_lmk_Y_47, eye_lmk_Y_48, eye_lmk_Y_49, eye_lmk_Y_50, eye_lmk_Y_51, eye_lmk_Y_52, eye_lmk_Y_53, eye_lmk_Y_54, eye_lmk_Y_55, eye_lmk_Z_0, eye_lmk_Z_1, eye_lmk_Z_2, eye_lmk_Z_3, eye_lmk_Z_4, eye_lmk_Z_5, eye_lmk_Z_6, eye_lmk_Z_7, eye_lmk_Z_8, eye_lmk_Z_9, eye_lmk_Z_10, eye_lmk_Z_11, eye_lmk_Z_12, eye_lmk_Z_13, eye_lmk_Z_14, eye_lmk_Z_15, eye_lmk_Z_16, eye_lmk_Z_17, eye_lmk_Z_18, eye_lmk_Z_19, eye_lmk_Z_20, eye_lmk_Z_21, eye_lmk_Z_22, eye_lmk_Z_23, eye_lmk_Z_24, eye_lmk_Z_25, eye_lmk_Z_26, eye_lmk_Z_27, eye_lmk_Z_28, eye_lmk_Z_29, eye_lmk_Z_30, eye_lmk_Z_31, eye_lmk_Z_32, eye_lmk_Z_33, eye_lmk_Z_34, eye_lmk_Z_35, eye_lmk_Z_36, eye_lmk_Z_37, eye_lmk_Z_38, eye_lmk_Z_39, eye_lmk_Z_40, eye_lmk_Z_41, eye_lmk_Z_42, eye_lmk_Z_43, eye_lmk_Z_44, eye_lmk_Z_45, eye_lmk_Z_46, eye_lmk_Z_47, eye_lmk_Z_48, eye_lmk_Z_49, eye_lmk_Z_50, eye_lmk_Z_51, eye_lmk_Z_52, eye_lmk_Z_53, eye_lmk_Z_54, eye_lmk_Z_55, pose_Tx, pose_Ty, pose_Tz, pose_Rx, pose_Ry, pose_Rz, x_0, x_1, x_2, x_3, x_4, x_5, x_6, x_7, x_8, x_9, x_10, x_11, x_12, x_13, x_14, x_15, x_16, x_17, x_18, x_19, x_20, x_21, x_22, x_23, x_24, x_25, x_26, x_27, x_28, x_29, x_30, x_31, x_32, x_33, x_34, x_35, x_36, x_37, x_38, x_39, x_40, x_41, x_42, x_43, x_44, x_45, x_46, x_47, x_48, x_49, x_50, x_51, x_52, x_53, x_54, x_55, x_56, x_57, x_58, x_59, x_60, x_61, x_62, x_63, x_64, x_65, x_66, x_67, y_0, y_1, y_2, y_3, y_4, y_5, y_6, y_7, y_8, y_9, y_10, y_11, y_12, y_13, y_14, y_15, y_16, y_17, y_18, y_19, y_20, y_21, y_22, y_23, y_24, y_25, y_26, y_27, y_28, y_29, y_30, y_31, y_32, y_33, y_34, y_35, y_36, y_37, y_38, y_39, y_40, y_41, y_42, y_43, y_44, y_45, y_46, y_47, y_48, y_49, y_50, y_51, y_52, y_53, y_54, y_55, y_56, y_57, y_58, y_59, y_60, y_61, y_62, y_63, y_64, y_65, y_66, y_67, X_0, X_1, X_2, X_3, X_4, X_5, X_6, X_7, X_8, X_9, X_10, X_11, X_12, X_13, X_14, X_15, X_16, X_17, X_18, X_19, X_20, X_21, X_22, X_23, X_24, X_25, X_26, X_27, X_28, X_29, X_30, X_31, X_32, X_33, X_34, X_35, X_36, X_37, X_38, X_39, X_40, X_41, X_42, X_43, X_44, X_45, X_46, X_47, X_48, X_49, X_50, X_51, X_52, X_53, X_54, X_55, X_56, X_57, X_58, X_59, X_60, X_61, X_62, X_63, X_64, X_65, X_66, X_67, Y_0, Y_1, Y_2, Y_3, Y_4, Y_5, Y_6, Y_7, Y_8, Y_9, Y_10, Y_11, Y_12, Y_13, Y_14, Y_15, Y_16, Y_17, Y_18, Y_19, Y_20, Y_21, Y_22, Y_23, Y_24, Y_25, Y_26, Y_27, Y_28, Y_29, Y_30, Y_31, Y_32, Y_33, Y_34, Y_35, Y_36, Y_37, Y_38, Y_39, Y_40, Y_41, Y_42, Y_43, Y_44, Y_45, Y_46, Y_47, Y_48, Y_49, Y_50, Y_51, Y_52, Y_53, Y_54, Y_55, Y_56, Y_57, Y_58, Y_59, Y_60, Y_61, Y_62, Y_63, Y_64, Y_65, Y_66, Y_67, Z_0, Z_1, Z_2, Z_3, Z_4, Z_5, Z_6, Z_7, Z_8, Z_9, Z_10, Z_11, Z_12, Z_13, Z_14, Z_15, Z_16, Z_17, Z_18, Z_19, Z_20, Z_21, Z_22, Z_23, Z_24, Z_25, Z_26, Z_27, Z_28, Z_29, Z_30, Z_31, Z_32, Z_33, Z_34, Z_35, Z_36, Z_37, Z_38, Z_39, Z_40, Z_41, Z_42, Z_43, Z_44, Z_45, Z_46, Z_47, Z_48, Z_49, Z_50, Z_51, Z_52, Z_53, Z_54, Z_55, Z_56, Z_57, Z_58, Z_59, Z_60, Z_61, Z_62, Z_63, Z_64, Z_65, Z_66, Z_67, p_scale, p_rx, p_ry, p_rz, p_tx, p_ty, p_0, p_1, p_2, p_3, p_4, p_5, p_6, p_7, p_8, p_9, p_10, p_11, p_12, p_13, p_14, p_15, p_16, p_17, p_18, p_19, p_20, p_21, p_22, p_23, p_24, p_25, p_26, p_27, p_28, p_29, p_30, p_31, p_32, p_33, AU01_r, AU02_r, AU04_r, AU05_r, AU06_r, AU07_r, AU09_r, AU10_r, AU12_r, AU14_r, AU15_r, AU17_r, AU20_r, AU23_r, AU25_r, AU26_r, AU45_r, AU01_c, AU02_c, AU04_c, AU05_c, AU06_c, AU07_c, AU09_c, AU10_c, AU12_c, AU14_c, AU15_c, AU17_c, AU20_c, AU23_c, AU25_c, AU26_c, AU28_c, AU45_c
1,  0,  0.000,  0.98,  1,  0.056992,  0.134136,  -0.989323,  -0.049231,  0.122984,  -0.991187,  0.004,  0.129,  297.4,  299.8,  304.7,  309.4,  311.0,  308.9,  303.7,  299.0,  290.9,  294.5,  298.8,  303.8,  308.6,  312.5,  315.3,  312.3,  307.9,  303.0,  298.2,  294.0,  301.9,  303.9,  306.0,  307.1,  306.4,  304.4,  302.2,  301.2,  364.4,  367.1,  372.0,  376.2,  377.2,  374.5,  369.6,  365.0,  359.3,  362.0,  365.9,  371.2,  376.4,  380.5,  383.1,  379.8,  375.6,  370.9,  366.1,  362.1,  368.6,  370.3,  372.3,  373.4,  373.0,  371.3,  369.3,  368.2,  210.4,  206.3,  205.0,  207.3,  211.7,  216.3,  217.1,  214.9,  212.2,  210.7,  209.8,  209.6,  210.6,  212.4,  214.3,  214.4,  213.5,  213.0,  212.7,  212.6,  213.2,  214.1,  213.6,  211.9,  209.9,  209.0,  209.5,  211.3,  218.2,  213.8,  212.8,  215.5,  220.6,  224.9,  226.0,  223.5,  220.2,  218.2,  217.2,  217.4,  219.0,  221.0,  223.6,  224.7,  224.9,  224.4,  223.3,  222.0,  221.0,  222.1,  221.7,  219.9,  217.8,  216.7,  217.1,  218.9,  -57.6,  -55.7,  -51.2,  -46.8,  -45.1,  -46.8,  -51.5,  -55.9,  -64.0,  -60.4,  -56.3,  -51.6,  -47.2,  -43.7,  -41.2,  -43.9,  -47.7,  -52.2,  -56.7,  -60.8,  -53.5,  -51.6,  -49.7,  -48.8,  -49.6,  -51.4,  -53.4,  -54.2,  4.0,  6.4,  10.9,  14.7,  15.6,  13.1,  8.7,  4.6,  -0.6,  1.9,  5.3,  10.1,  14.9,  18.6,  21.1,  18.0,  14.1,  9.9,  5.6,  1.9,  7.8,  9.4,  11.2,  12.2,  11.8,  10.3,  8.5,  7.4,  -71.5,  -75.5,  -76.9,  -74.7,  -70.3,  -65.8,  -64.9,  -67.1,  -70.2,  -71.3,  -71.9,  -72.0,  -71.1,  -69.6,  -68.1,  -67.6,  -68.2,  -68.7,  -69.0,  -69.4,  -68.9,  -67.9,  -68.5,  -70.2,  -72.1,  -73.1,  -72.5,  -70.7,  -63.4,  -67.3,  -68.3,  -65.7,  -61.2,  -57.2,  -56.3,  -58.6,  -61.9,  -63.4,  -64.1,  -63.8,  -62.4,  -60.9,  -58.9,  -57.6,  -57.3,  -57.6,  -58.6,  -60.0,  -60.9,  -59.9,  -60.3,  -61.9,  -63.8,  -64.8,  -64.4,  -62.8,  535.2,  537.5,  538.6,  537.8,  535.5,  533.3,  532.1,  533.0,  538.2,  536.1,  534.4,  533.7,  534.2,  535.5,  536.9,  534.4,  532.5,  531.9,  532.9,  535.2,  535.1,  534.7,  535.2,  536.2,  537.1,  537.5,  537.0,  536.0,  527.7,  527.6,  527.4,  527.2,  527.2,  527.4,  527.6,  528.0,  530.3,  528.2,  526.3,  525.2,  526.1,  528.3,  531.1,  528.9,  527.0,  526.2,  526.7,  528.6,  528.4,  528.4,  528.3,  528.2,  528.2,  528.3,  528.3,  528.4,  -24.6,  -30.6,  532.5,  -0.071,  0.008,  0.127,  264.5,  261.2,  259.5,  259.9,  264.3,  274.1,  286.5,  302.6,  322.6,  343.2,  362.1,  378.8,  392.2,  401.3,  406.4,  410.0,  412.7,  279.9,  289.7,  301.9,  314.3,  325.0,  356.3,  369.7,  382.2,  393.4,  400.4,  338.5,  337.0,  335.6,  334.1,  315.5,  323.8,  332.1,  341.4,  349.8,  290.6,  299.4,  308.2,  316.5,  307.3,  298.7,  357.7,  367.1,  376.2,  383.8,  375.9,  367.0,  294.3,  307.2,  320.9,  330.4,  341.3,  355.3,  366.6,  352.9,  338.3,  326.5,  316.2,  303.5,  299.1,  320.0,  329.6,  340.6,  361.7,  339.1,  327.8,  317.8,  214.4,  234.4,  255.2,  275.8,  295.0,  312.0,  325.8,  337.1,  343.0,  343.5,  337.6,  328.4,  314.4,  295.9,  275.1,  254.8,  235.5,  191.4,  182.6,  179.7,  181.8,  187.6,  190.8,  188.3,  190.0,  195.4,  205.3,  210.2,  220.4,  230.5,  241.3,  252.1,  255.4,  258.5,  257.1,  256.0,  211.9,  209.1,  210.2,  214.5,  214.8,  213.8,  219.8,  217.6,  219.0,  223.4,  223.5,  222.3,  278.0,  268.9,  266.7,  269.6,  269.4,  275.3,  286.5,  297.9,  301.2,  300.7,  298.6,  292.0,  278.9,  274.6,  276.3,  277.0,  286.3,  291.7,  291.2,  289.4,  -97.3,  -100.2,  -101.9,  -101.3,  -95.7,  -84.3,  -70.2,  -53.2,  -34.3,  -15.6,  2.0,  18.2,  31.5,  40.4,  45.3,  49.1,  52.2,  -77.3,  -67.4,  -55.2,  -43.0,  -32.6,  -3.4,  9.0,  20.9,  31.5,  38.3,  -19.8,  -20.9,  -21.8,  -22.8,  -40.4,  -32.6,  -24.9,  -16.7,  -9.2,  -66.0,  -57.3,  -48.8,  -40.9,  -49.5,  -57.8,  -2.2,  6.6,  15.1,  22.3,  14.8,  6.5,  -61.4,  -47.9,  -34.9,  -26.3,  -16.6,  -4.3,  6.1,  -6.4,  -19.2,  -29.7,  -38.9,  -51.2,  -56.8,  -35.7,  -27.0,  -17.3,  1.6,  -18.6,  -28.7,  -37.8,  -74.9,  -54.4,  -33.3,  -12.3,  7.0,  23.6,  36.1,  45.5,  50.4,  51.4,  47.1,  39.1,  25.7,  7.8,  -12.6,  -32.6,  -52.0,  -93.2,  -101.1,  -102.9,  -99.9,  -93.5,  -89.8,  -92.9,  -92.0,  -87.5,  -78.5,  -71.6,  -61.3,  -51.4,  -41.1,  -32.6,  -29.3,  -26.3,  -27.6,  -28.8,  -72.3,  -74.6,  -73.4,  -69.1,  -68.8,  -69.9,  -63.7,  -65.9,  -64.6,  -60.6,  -60.2,  -61.2,  -9.4,  -17.3,  -19.0,  -16.3,  -16.5,  -11.4,  -1.4,  8.9,  11.7,  11.2,  9.4,  3.6,  -8.5,  -12.0,  -10.4,  -9.8,  -1.6,  3.3,  2.9,  1.2,  592.0,  589.9,  589.2,  587.8,  581.4,  570.3,  555.2,  538.1,  533.0,  538.3,  551.2,  562.7,  567.3,  568.4,  567.6,  570.7,  575.6,  560.8,  557.8,  552.4,  546.3,  541.6,  537.2,  541.6,  545.7,  549.3,  551.3,  535.1,  527.2,  519.5,  511.9,  526.9,  522.8,  519.0,  520.7,  523.3,  552.5,  549.3,  548.2,  546.3,  546.5,  547.6,  543.4,  544.0,  544.1,  545.1,  542.2,  541.9,  543.6,  527.0,  518.7,  516.4,  517.2,  524.4,  538.6,  525.1,  515.6,  514.2,  516.0,  526.2,  541.7,  519.6,  517.5,  518.2,  536.7,  519.7,  518.6,  520.8,  1.072,  -0.101,  0.071,  0.131,  333.237,  254.741,  -29.072,  4.343,  13.008,  -8.561,  -17.053,  -10.398,  -3.737,  12.403,  -10.871,  -0.176,  -11.372,  -2.346,  -0.776,  -1.718,  0.014,  1.492,  -5.397,  -3.099,  -4.346,  -2.718,  -0.725,  0.997,  1.830,  -1.810,  -0.528,  0.502,  -0.887,  0.058,  -0.267,  -0.304,  -0.026,  -0.309,  -0.360,  0.175, 0.00, 0.00, 0.00, 0.00, 2.51, 1.09, 1.56, 1.82, 2.62, 0.93, 0.00, 0.00, 0.68, 0.00, 1.75, 0.02, 0.00, 0.00, 0.00, 0.00, 0.00, 1.00, 1.00, 1.00, 1.00, 1.00, 0.00, 0.00, 0.00, 1.00, 1.00, 1.00, 0.00, 0.00, 1.00
2,  0,  0.040,  0.98,  1,  0.124133,  0.108014,  -0.986369,  -0.046374,  0.103042,  -0.993595,  0.039,  0.106,  307.5,  309.8,  314.5,  318.7,  320.1,  318.0,  313.1,  308.9,  300.1,  303.2,  307.4,  312.3,  317.1,  320.9,  323.8,  320.7,  316.4,  311.6,  306.9,  303.0,  311.7,  313.5,  315.4,  316.3,  315.8,  314.0,  312.1,  311.2,  372.6,  375.3,  380.3,  384.5,  385.6,  382.9,  377.9,  373.3,  367.1,  370.2,  374.5,  380.0,  385.0,  388.7,  390.8,  387.9,  383.9,  379.4,  374.6,  370.1,  376.8,  378.5,  380.5,  381.6,  381.2,  379.5,  377.4,  376.3,  211.1,  206.8,  205.4,  207.8,  212.5,  217.2,  218.1,  215.8,  212.2,  211.3,  210.8,  210.8,  211.8,  213.3,  214.8,  215.4,  215.0,  214.6,  214.1,  213.5,  213.6,  214.6,  214.0,  212.2,  210.3,  209.3,  209.9,  211.7,  220.4,  216.0,  214.9,  217.7,  222.8,  227.2,  228.3,  225.8,  222.6,  220.5,  219.3,  219.5,  221.4,  223.8,  226.7,  227.4,  227.2,  226.5,  225.4,  224.3,  223.3,  224.5,  224.0,  222.2,  220.1,  219.0,  219.4,  221.2,  -50.0,  -47.8,  -43.4,  -39.4,  -38.1,  -40.0,  -44.6,  -48.6,  -57.5,  -54.3,  -50.1,  -45.3,  -40.8,  -37.2,  -34.6,  -37.4,  -41.4,  -45.9,  -50.4,  -54.5,  -46.0,  -44.4,  -42.6,  -41.7,  -42.2,  -43.9,  -45.7,  -46.6,  11.2,  13.7,  18.1,  21.9,  22.9,  20.4,  16.0,  11.8,  6.3,  9.1,  12.9,  17.7,  22.3,  25.7,  27.7,  25.0,  21.3,  17.3,  12.9,  9.0,  15.0,  16.5,  18.3,  19.3,  19.0,  17.4,  15.6,  14.6,  -73.2,  -77.4,  -78.8,  -76.5,  -72.0,  -67.4,  -66.4,  -68.7,  -72.8,  -73.3,  -73.5,  -73.3,  -72.4,  -71.2,  -70.0,  -69.1,  -69.3,  -69.7,  -70.2,  -71.2,  -70.9,  -70.0,  -70.5,  -72.3,  -74.2,  -75.1,  -74.5,  -72.8,  -60.3,  -64.3,  -65.3,  -62.8,  -58.2,  -54.2,  -53.2,  -55.4,  -58.4,  -60.2,  -61.1,  -60.9,  -59.3,  -57.5,  -55.2,  -54.3,  -54.2,  -54.7,  -55.6,  -56.8,  -57.7,  -56.7,  -57.2,  -58.8,  -60.7,  -61.7,  -61.3,  -59.6,  553.3,  554.0,  554.5,  554.4,  553.8,  553.3,  552.6,  552.7,  558.4,  555.5,  553.1,  551.8,  552.2,  553.8,  555.6,  553.6,  551.8,  551.5,  552.7,  555.2,  554.0,  554.0,  554.2,  554.5,  554.7,  554.8,  554.6,  554.3,  517.9,  518.6,  519.3,  519.5,  519.2,  518.4,  517.8,  517.8,  519.5,  518.0,  516.8,  516.5,  518.0,  520.6,  523.4,  520.7,  518.2,  516.7,  516.6,  518.0,  519.0,  519.1,  519.3,  519.6,  519.8,  519.7,  519.4,  519.1,  -17.7,  -28.8,  531.5,  -0.087,  0.006,  0.149,  272.7,  269.0,  267.1,  267.2,  271.4,  280.6,  292.6,  308.0,  327.3,  347.4,  366.2,  383.0,  396.9,  406.5,  412.4,  416.6,  419.7,  288.9,  298.9,  310.8,  322.9,  333.1,  366.2,  378.8,  390.5,  401.2,  408.2,  347.1,  345.4,  343.9,  342.3,  323.6,  331.8,  340.0,  349.1,  357.4,  299.2,  308.0,  316.9,  325.0,  315.8,  307.2,  365.9,  375.3,  384.4,  391.8,  384.1,  375.2,  302.5,  315.3,  329.1,  338.2,  348.8,  362.2,  372.7,  359.1,  344.9,  333.4,  323.5,  310.9,  307.3,  328.0,  337.3,  347.9,  367.8,  346.0,  335.0,  325.3,  214.5,  234.7,  255.9,  277.0,  296.6,  313.9,  328.0,  339.7,  346.1,  347.3,  342.0,  333.3,  319.5,  301.1,  280.1,  259.5,  240.1,  190.6,  182.2,  179.8,  182.3,  188.5,  192.7,  190.2,  191.7,  196.5,  205.6,  212.0,  222.6,  233.1,  244.2,  253.9,  257.4,  260.7,  259.4,  258.3,  212.6,  209.9,  211.3,  215.7,  215.9,  214.7,  221.9,  220.0,  221.5,  225.9,  226.0,  224.7,  279.2,  269.9,  267.9,  270.9,  270.9,  277.2,  288.8,  300.8,  304.1,  303.4,  301.2,  294.1,  280.2,  276.0,  277.8,  278.7,  288.6,  294.3,  293.7,  291.7,  -88.4,  -91.9,  -93.7,  -93.4,  -88.3,  -77.5,  -64.2,  -48.0,  -29.9,  -11.7,  5.9,  22.2,  35.9,  45.4,  51.0,  55.4,  59.0,  -68.4,  -58.6,  -46.7,  -34.9,  -25.1,  5.7,  17.5,  28.7,  38.9,  45.6,  -11.9,  -13.2,  -14.4,  -15.6,  -32.9,  -25.4,  -17.9,  -9.7,  -2.3,  -57.7,  -49.1,  -40.6,  -32.8,  -41.5,  -49.7,  5.5,  14.3,  22.8,  29.8,  22.5,  14.2,  -53.6,  -40.4,  -27.5,  -19.3,  -10.0,  1.9,  11.7,  -0.8,  -13.4,  -23.5,  -32.3,  -44.3,  -49.0,  -28.5,  -20.2,  -10.8,  7.2,  -12.5,  -22.3,  -31.0,  -74.5,  -53.8,  -32.3,  -11.1,  8.6,  25.3,  38.1,  47.7,  53.2,  54.8,  51.0,  43.7,  30.7,  12.8,  -7.7,  -27.9,  -47.4,  -93.7,  -101.4,  -102.8,  -99.4,  -92.8,  -88.2,  -91.2,  -90.5,  -86.5,  -78.0,  -70.0,  -59.3,  -49.1,  -38.6,  -30.9,  -27.5,  -24.4,  -25.6,  -26.7,  -71.6,  -73.7,  -72.3,  -67.9,  -67.7,  -69.0,  -61.7,  -63.6,  -62.2,  -58.2,  -57.9,  -59.0,  -8.2,  -16.3,  -17.9,  -15.2,  -15.2,  -9.7,  0.8,  11.5,  14.3,  13.6,  11.7,  5.5,  -7.2,  -10.7,  -9.1,  -8.3,  0.6,  5.7,  5.1,  3.3,  589.0,  587.0,  586.4,  585.2,  579.0,  567.8,  553.2,  536.7,  531.9,  536.9,  549.6,  561.5,  566.2,  567.2,  566.4,  569.5,  574.1,  559.3,  557.1,  552.2,  546.6,  542.2,  537.8,  542.1,  545.8,  549.2,  550.4,  535.7,  527.7,  520.0,  512.3,  526.5,  522.4,  518.6,  520.3,  523.1,  551.6,  548.4,  547.3,  545.4,  545.7,  546.7,  543.2,  544.0,  544.1,  545.0,  542.1,  541.7,  541.5,  525.7,  517.7,  515.6,  516.6,  523.5,  537.0,  523.8,  514.7,  513.4,  514.8,  524.3,  539.6,  518.8,  516.8,  517.6,  535.1,  519.2,  518.0,  520.0,  1.074,  -0.111,  0.057,  0.153,  340.712,  256.772,  -35.297,  2.801,  11.260,  -5.289,  -18.034,  -10.422,  -0.852,  15.769,  -13.098,  -2.958,  -11.626,  -1.309,  0.126,  -1.299,  1.776,  -0.795,  -5.463,  -3.246,  -5.377,  -1.777,  -0.348,  0.253,  2.313,  -1.479,  -0.103,  1.145,  -0.716,  0.169,  -0.228,  -0.223,  -0.027,  -0.239,  -0.294,  0.149, 0.00, 0.00, 0.00, 0.00, 2.57, 1.22, 1.35, 1.97, 2.52, 0.85, 0.00, 0.00, 0.48, 0.00, 1.82, 0.04, 0.00, 0.00, 0.00, 1.00, 0.00, 1.00, 1.00, 1.00, 1.00, 1.00, 0.00, 0.00, 0.00, 1.00, 1.00, 1.00, 0.00, 0.00, 1.00
3,  0,  0.080,  0.98,  1,  0.157220,  0.098588,  -0.982630,  -0.146488,  0.113770,  -0.982648,  0.005,  0.108,  315.2,  317.6,  322.5,  326.9,  328.3,  326.2,  321.1,  316.6,  307.2,  310.5,  314.8,  319.8,  324.7,  328.7,  331.5,  328.4,  323.9,  318.9,  314.2,  310.1,  319.5,  321.4,  323.4,  324.4,  323.8,  322.0,  319.9,  318.9,  380.6,  383.6,  389.0,  393.6,  394.7,  391.7,  386.3,  381.2,  376.1,  379.9,  384.7,  390.1,  395.0,  398.8,  401.4,  398.3,  394.2,  389.4,  384.2,  379.3,  384.9,  387.0,  389.3,  390.6,  390.1,  388.1,  385.8,  384.4,  212.3,  208.0,  206.7,  209.2,  214.0,  218.7,  219.6,  217.1,  213.8,  212.8,  212.2,  212.2,  213.3,  214.9,  216.5,  217.0,  216.3,  215.8,  215.4,  214.8,  215.1,  216.2,  215.6,  213.8,  211.8,  210.7,  211.3,  213.1,  223.7,  219.2,  218.2,  221.3,  226.6,  231.1,  232.1,  229.4,  224.8,  223.7,  223.3,  223.9,  225.8,  228.1,  230.8,  231.2,  230.6,  229.4,  228.1,  226.8,  227.2,  228.5,  228.1,  226.1,  223.8,  222.4,  222.9,  224.8,  -41.1,  -39.0,  -34.6,  -30.5,  -29.1,  -31.0,  -35.6,  -39.7,  -48.8,  -45.6,  -41.5,  -36.8,  -32.3,  -28.8,  -26.2,  -29.0,  -33.0,  -37.5,  -41.9,  -45.9,  -37.2,  -35.5,  -33.6,  -32.7,  -33.3,  -35.0,  -36.9,  -37.8,  17.3,  19.8,  24.4,  28.3,  29.2,  26.6,  22.0,  17.8,  13.6,  16.7,  20.7,  25.2,  29.4,  32.8,  35.2,  32.3,  28.7,  24.6,  20.2,  16.2,  20.9,  22.6,  24.6,  25.8,  25.4,  23.7,  21.7,  20.5,  -69.5,  -73.6,  -74.9,  -72.6,  -68.0,  -63.5,  -62.6,  -64.9,  -68.7,  -69.3,  -69.5,  -69.4,  -68.4,  -67.1,  -65.8,  -65.1,  -65.5,  -66.0,  -66.5,  -67.3,  -66.9,  -66.0,  -66.5,  -68.3,  -70.2,  -71.2,  -70.6,  -68.9,  -54.0,  -57.9,  -58.8,  -56.2,  -51.6,  -47.7,  -46.8,  -49.1,  -53.2,  -53.9,  -54.2,  -53.7,  -52.3,  -50.5,  -48.6,  -47.9,  -48.1,  -48.9,  -50.1,  -51.3,  -51.1,  -50.0,  -50.4,  -52.1,  -54.1,  -55.2,  -54.8,  -53.1,  533.3,  534.8,  535.7,  535.4,  534.2,  532.9,  531.9,  532.1,  538.1,  535.3,  533.1,  532.0,  532.4,  533.8,  535.4,  533.2,  531.5,  531.2,  532.4,  534.9,  533.9,  533.8,  534.1,  534.8,  535.3,  535.4,  535.0,  534.4,  487.8,  489.2,  489.9,  489.5,  488.4,  487.0,  486.3,  486.8,  488.9,  487.7,  486.8,  486.9,  488.3,  490.8,  493.5,  490.2,  487.4,  485.7,  485.7,  487.1,  488.3,  488.1,  488.4,  489.0,  489.5,  489.7,  489.4,  488.8,  -11.1,  -26.3,  523.0,  -0.107,  0.009,  0.171,  279.6,  275.5,  273.3,  273.3,  277.0,  285.9,  297.7,  313.1,  332.5,  352.9,  371.9,  388.9,  402.8,  412.7,  419.1,  424.0,  427.7,  297.0,  307.0,  318.8,  330.6,  340.8,  375.8,  387.4,  398.2,  408.6,  416.5,  355.8,  353.8,  352.0,  350.0,  331.0,  339.2,  347.4,  356.6,  364.9,  306.1,  315.3,  324.3,  332.8,  323.2,  314.5,  375.2,  385.0,  394.3,  401.9,  393.9,  384.8,  308.9,  322.0,  336.2,  345.0,  355.3,  368.5,  378.9,  364.7,  350.2,  339.0,  329.2,  316.7,  313.7,  334.7,  343.9,  354.0,  373.9,  351.6,  341.0,  331.5,  215.4,  235.5,  256.6,  277.9,  298.1,  315.9,  330.3,  342.1,  349.1,  350.9,  346.5,  338.4,  324.7,  306.2,  284.8,  264.1,  244.5,  190.5,  182.4,  180.2,  183.2,  189.6,  195.3,  192.7,  193.6,  196.8,  204.6,  213.5,  224.1,  234.5,  245.5,  255.2,  258.9,  262.4,  261.4,  260.5,  213.7,  211.5,  213.0,  217.1,  217.4,  216.0,  224.7,  223.5,  225.2,  229.6,  229.6,  227.9,  280.9,  271.4,  269.4,  272.6,  272.9,  280.0,  292.6,  304.5,  307.4,  306.4,  304.0,  296.4,  282.0,  277.9,  279.8,  281.1,  292.2,  297.4,  296.4,  294.3,  -80.3,  -84.0,  -86.1,  -86.0,  -81.5,  -71.3,  -58.3,  -42.5,  -24.8,  -6.5,  11.1,  27.5,  41.2,  50.8,  56.8,  61.9,  65.9,  -59.8,  -50.2,  -38.7,  -27.3,  -17.7,  14.5,  25.2,  35.4,  45.2,  52.4,  -3.9,  -5.6,  -7.1,  -8.7,  -25.8,  -18.4,  -11.1,  -3.0,  4.4,  -50.5,  -41.6,  -33.2,  -25.2,  -34.1,  -42.3,  14.0,  23.1,  31.7,  38.7,  31.2,  22.8,  -46.8,  -33.8,  -20.9,  -13.1,  -4.1,  7.6,  17.2,  4.2,  -8.5,  -18.2,  -26.7,  -38.3,  -42.2,  -22.2,  -14.1,  -5.2,  12.5,  -7.4,  -16.7,  -25.1,  -72.5,  -52.2,  -31.2,  -10.0,  9.9,  26.8,  39.5,  49.1,  55.0,  57.2,  54.4,  48.1,  35.3,  17.5,  -3.0,  -23.1,  -42.4,  -92.5,  -100.0,  -101.2,  -97.4,  -90.7,  -85.0,  -87.9,  -87.5,  -84.8,  -77.5,  -67.8,  -57.2,  -47.2,  -36.9,  -29.3,  -25.7,  -22.5,  -23.5,  -24.4,  -69.6,  -71.2,  -69.7,  -65.6,  -65.4,  -66.8,  -58.4,  -59.5,  -57.9,  -54.0,  -53.8,  -55.2,  -6.5,  -14.7,  -16.3,  -13.4,  -13.2,  -7.1,  4.1,  14.6,  16.9,  16.0,  13.9,  7.4,  -5.5,  -8.9,  -7.1,  -6.1,  3.8,  8.3,  7.4,  5.5,  580.6,  577.9,  577.4,  576.1,  570.3,  558.8,  543.8,  527.5,  523.4,  528.5,  541.4,  553.8,  558.6,  559.4,  558.2,  561.6,  566.6,  551.5,  550.3,  545.8,  540.5,  535.9,  532.6,  536.2,  538.8,  540.7,  539.8,  528.8,  520.3,  512.2,  503.9,  518.0,  514.2,  510.6,  512.2,  514.7,  544.7,  541.1,  540.2,  537.6,  538.5,  539.5,  535.8,  536.6,  536.7,  537.6,  534.8,  534.4,  532.1,  516.8,  509.0,  507.0,  508.4,  514.7,  527.5,  514.3,  505.5,  503.9,  505.1,  514.4,  530.0,  509.8,  508.0,  508.9,  525.5,  510.4,  509.1,  510.8,  1.091,  -0.128,  0.050,  0.175,  347.781,  259.037,  -35.768,  1.280,  8.290,  -3.534,  -20.085,  -12.552,  -1.177,  18.557,  -15.018,  -4.368,  -9.961,  -0.636,  2.424,  -2.503,  -2.640,  -4.527,  -4.445,  -0.352,  -7.754,  -0.916,  -0.095,  -0.218,  2.716,  -2.595,  0.079,  1.638,  -0.337,  0.034,  -0.305,  -0.154,  0.098,  -0.037,  -0.223,  0.145, 0.00, 0.00, 0.00, 0.00, 2.44, 1.32, 1.09, 1.97, 2.31, 0.81, 0.00, 0.00, 0.58, 0.00, 2.04, 0.14, 0.00, 0.00, 0.00, 1.00, 0.00, 1.00, 1.00, 1.00, 1.00, 1.00, 0.00, 0.00, 0.00, 1.00, 1.00, 1.00, 0.00, 0.00, 1.00
4,  0,  0.120,  0.98,  1,  0.123689,  0.072545,  -0.989666,  -0.182622,  0.057771,  -0.981484,  -0.030,  0.066,  320.0,  323.0,  328.6,  333.5,  334.9,  332.2,  326.3,  321.4,  312.8,  316.3,  320.7,  326.0,  331.4,  335.7,  338.8,  335.1,  330.2,  324.7,  319.8,  315.6,  324.8,  326.9,  329.4,  330.7,  330.1,  327.9,  325.5,  324.2,  385.6,  388.6,  393.9,  398.4,  399.4,  396.3,  391.0,  386.1,  381.4,  384.9,  389.6,  395.2,  400.4,  404.2,  406.5,  403.4,  399.2,  394.5,  389.3,  384.5,  390.1,  391.9,  394.0,  395.2,  394.8,  393.0,  390.9,  389.7,  213.8,  209.7,  208.5,  211.0,  215.7,  220.3,  220.9,  218.5,  216.4,  214.5,  213.4,  213.2,  214.4,  216.6,  219.0,  218.9,  217.8,  217.1,  216.9,  216.8,  217.0,  218.1,  217.6,  215.8,  213.7,  212.6,  213.2,  215.0,  225.1,  220.5,  219.4,  222.5,  227.9,  232.5,  233.5,  230.8,  226.6,  225.5,  225.1,  225.8,  227.8,  229.9,  232.3,  232.9,  232.5,  231.5,  230.1,  228.7,  228.2,  229.5,  229.0,  227.2,  225.0,  223.8,  224.2,  226.0,  -33.4,  -31.0,  -26.4,  -22.2,  -20.9,  -23.0,  -27.8,  -32.0,  -39.6,  -36.5,  -32.7,  -28.2,  -23.8,  -20.2,  -17.7,  -20.6,  -24.7,  -29.2,  -33.4,  -37.0,  -29.3,  -27.5,  -25.5,  -24.4,  -25.0,  -26.8,  -28.9,  -29.9,  21.6,  24.1,  28.6,  32.4,  33.2,  30.6,  26.1,  22.0,  18.1,  21.0,  24.9,  29.6,  34.0,  37.4,  39.7,  36.8,  33.1,  29.0,  24.6,  20.6,  25.4,  26.9,  28.7,  29.7,  29.4,  27.9,  26.1,  25.0,  -61.9,  -65.6,  -66.7,  -64.4,  -60.2,  -56.0,  -55.4,  -57.6,  -60.1,  -61.4,  -62.1,  -62.1,  -61.1,  -59.3,  -57.4,  -57.2,  -58.0,  -58.6,  -59.0,  -59.4,  -59.1,  -58.1,  -58.6,  -60.2,  -62.1,  -63.1,  -62.6,  -60.9,  -53.1,  -57.0,  -57.9,  -55.3,  -50.7,  -46.8,  -45.8,  -48.2,  -51.9,  -52.6,  -52.8,  -52.2,  -50.8,  -49.2,  -47.5,  -46.7,  -46.7,  -47.4,  -48.6,  -50.0,  -50.5,  -49.4,  -49.8,  -51.3,  -53.2,  -54.3,  -53.9,  -52.3,  484.5,  487.0,  487.8,  486.4,  483.6,  481.2,  480.4,  481.8,  488.1,  485.9,  483.8,  482.7,  482.5,  483.0,  483.7,  481.8,  480.5,  480.5,  482.1,  484.9,  483.8,  483.2,  483.5,  484.6,  485.8,  486.4,  486.1,  485.0,  489.9,  490.4,  490.6,  490.4,  490.0,  489.5,  489.3,  489.7,  491.1,  489.5,  488.3,  488.2,  489.9,  492.5,  495.6,  492.5,  489.9,  488.3,  488.1,  489.5,  490.6,  490.5,  490.6,  490.8,  491.0,  491.0,  491.0,  490.8,  -6.2,  -24.2,  523.2,  -0.108,  0.002,  0.181,  284.8,  280.5,  278.2,  277.9,  281.5,  290.3,  302.0,  317.5,  336.6,  356.3,  375.0,  391.8,  406.3,  417.0,  424.3,  429.8,  433.8,  302.8,  313.3,  325.3,  337.1,  347.2,  381.4,  393.4,  404.4,  415.1,  423.2,  361.4,  359.5,  357.8,  355.9,  336.5,  344.7,  353.0,  362.2,  370.6,  312.1,  321.5,  330.6,  339.0,  329.4,  320.5,  380.4,  390.2,  399.6,  407.2,  399.2,  390.0,  313.9,  327.3,  341.8,  350.8,  361.3,  374.3,  383.9,  370.3,  355.9,  344.5,  334.5,  321.8,  318.9,  340.2,  349.6,  360.0,  378.9,  357.3,  346.4,  336.7,  216.8,  237.1,  258.5,  279.9,  300.1,  318.1,  332.8,  344.5,  351.3,  353.1,  348.7,  340.7,  327.3,  309.1,  288.1,  267.4,  247.9,  191.7,  184.2,  182.4,  185.2,  191.4,  197.0,  194.9,  196.2,  200.0,  208.1,  215.6,  226.2,  236.5,  247.4,  257.4,  261.1,  264.5,  263.6,  262.9,  215.4,  212.9,  214.5,  219.2,  219.3,  217.8,  226.8,  225.1,  226.8,  231.6,  231.6,  229.9,  284.1,  273.9,  271.5,  274.8,  275.1,  282.6,  295.7,  307.8,  311.0,  310.0,  307.6,  299.9,  285.1,  280.3,  282.3,  283.6,  295.3,  300.4,  299.5,  297.2,  -74.9,  -78.7,  -80.9,  -81.0,  -76.7,  -66.9,  -54.3,  -38.6,  -21.1,  -3.3,  13.9,  30.2,  44.4,  54.9,  61.8,  67.6,  72.3,  -54.2,  -44.1,  -32.5,  -21.2,  -11.8,  19.6,  30.8,  41.3,  51.4,  58.9,  1.3,  -0.4,  -1.9,  -3.6,  -21.0,  -13.6,  -6.2,  1.9,  9.4,  -44.9,  -35.8,  -27.3,  -19.4,  -28.3,  -36.7,  18.8,  27.9,  36.6,  43.7,  36.1,  27.6,  -42.2,  -29.1,  -16.0,  -8.0,  1.2,  12.7,  21.7,  9.1,  -3.5,  -13.5,  -22.2,  -33.9,  -37.5,  -17.4,  -9.1,  -0.0,  17.1,  -2.3,  -11.9,  -20.5,  -70.9,  -50.5,  -29.2,  -8.0,  11.9,  28.9,  41.9,  51.4,  57.0,  59.2,  56.4,  50.1,  37.7,  20.3,  0.1,  -19.9,  -39.3,  -91.2,  -98.1,  -98.9,  -95.4,  -88.9,  -83.3,  -85.9,  -85.2,  -82.1,  -74.5,  -65.8,  -55.4,  -45.4,  -35.3,  -27.3,  -23.9,  -20.7,  -21.5,  -22.2,  -67.9,  -69.8,  -68.2,  -63.6,  -63.5,  -65.1,  -56.5,  -58.1,  -56.5,  -52.3,  -52.0,  -53.4,  -3.6,  -12.5,  -14.5,  -11.5,  -11.3,  -4.8,  7.0,  17.5,  20.1,  19.2,  17.1,  10.5,  -2.6,  -6.8,  -5.0,  -3.9,  6.6,  10.9,  10.1,  8.1,  578.6,  575.7,  574.9,  573.6,  568.0,  557.5,  543.7,  528.1,  523.7,  528.5,  540.8,  552.9,  557.8,  559.4,  559.1,  563.2,  568.8,  550.7,  549.2,  544.6,  539.5,  535.3,  532.4,  536.5,  539.7,  542.4,  542.2,  528.8,  520.8,  513.1,  505.2,  518.5,  514.7,  511.2,  513.0,  515.7,  544.1,  540.5,  539.6,  537.3,  537.9,  538.8,  536.0,  536.9,  537.2,  538.3,  535.1,  534.5,  532.0,  516.9,  509.3,  507.3,  508.5,  514.9,  527.8,  515.2,  506.4,  505.1,  506.4,  515.3,  530.0,  510.4,  508.4,  509.2,  526.1,  510.9,  509.8,  511.6,  1.090,  -0.125,  0.031,  0.183,  353.175,  261.422,  -40.054,  -0.880,  9.688,  -1.961,  -17.160,  -13.972,  0.951,  16.784,  -14.281,  -3.734,  -9.722,  0.740,  1.136,  -0.548,  -1.068,  -2.302,  -4.090,  -1.509,  -6.273,  -2.338,  0.642,  -0.783,  1.707,  -2.552,  -0.263,  1.463,  -0.436,  0.114,  -0.253,  -0.228,  0.177,  0.047,  -0.189,  0.085, 0.00, 0.00, 0.00, 0.00, 2.20, 1.15, 0.96, 1.96, 2.11, 0.87, 0.00, 0.00, 0.90, 0.00, 2.22, 0.19, 0.03, 0.00, 0.00, 0.00, 0.00, 1.00, 1.00, 1.00, 1.00, 1.00, 0.00, 0.00, 0.00, 1.00, 1.00, 1.00, 0.00, 0.00, 1.00
5,  0,  0.160,  0.98,  1,  0.091329,  0.059274,  -0.994055,  -0.131112,  0.101808,  -0.986126,  -0.020,  0.081,  324.3,  327.3,  332.9,  337.9,  339.2,  336.6,  330.7,  325.7,  317.4,  320.9,  325.4,  330.7,  336.0,  340.5,  343.7,  340.0,  335.0,  329.5,  324.5,  320.2,  329.2,  331.3,  333.7,  334.9,  334.4,  332.3,  329.9,  328.7,  390.7,  393.9,  399.7,  404.7,  406.0,  402.8,  397.0,  391.5,  385.9,  389.8,  394.8,  400.5,  405.7,  409.6,  412.2,  409.0,  404.9,  399.9,  394.5,  389.5,  395.2,  397.6,  400.3,  401.9,  401.2,  398.8,  396.1,  394.5,  215.5,  211.2,  209.9,  212.4,  217.2,  222.0,  222.7,  220.3,  217.9,  216.2,  215.0,  214.9,  216.2,  218.4,  220.7,  220.8,  219.8,  219.1,  218.8,  218.6,  218.6,  219.6,  219.1,  217.3,  215.3,  214.2,  214.8,  216.6,  228.0,  223.2,  222.1,  225.4,  231.2,  236.1,  237.2,  234.2,  229.5,  227.9,  227.3,  228.0,  230.0,  232.4,  235.2,  235.6,  235.1,  234.1,  232.7,  231.4,  231.9,  233.6,  233.0,  230.7,  227.9,  226.3,  226.8,  229.2,  -29.6,  -27.2,  -22.6,  -18.4,  -17.2,  -19.3,  -24.1,  -28.3,  -35.6,  -32.5,  -28.6,  -24.2,  -19.8,  -16.1,  -13.5,  -16.5,  -20.6,  -25.1,  -29.3,  -33.0,  -25.5,  -23.7,  -21.8,  -20.8,  -21.3,  -23.1,  -25.0,  -26.0,  24.3,  26.9,  31.6,  35.6,  36.5,  33.9,  29.2,  24.9,  20.5,  23.6,  27.5,  32.0,  36.2,  39.5,  41.8,  39.0,  35.5,  31.5,  27.2,  23.3,  27.9,  29.8,  32.0,  33.3,  32.8,  30.9,  28.7,  27.4,  -60.1,  -64.0,  -65.1,  -62.9,  -58.6,  -54.4,  -53.7,  -55.9,  -58.6,  -59.8,  -60.4,  -60.4,  -59.3,  -57.6,  -55.7,  -55.4,  -56.1,  -56.7,  -57.1,  -57.6,  -57.5,  -56.6,  -57.0,  -58.6,  -60.4,  -61.4,  -60.9,  -59.3,  -47.5,  -51.5,  -52.5,  -49.8,  -45.1,  -41.1,  -40.1,  -42.5,  -46.4,  -47.5,  -47.9,  -47.4,  -46.0,  -44.3,  -42.3,  -41.7,  -41.8,  -42.5,  -43.6,  -44.7,  -44.4,  -43.2,  -43.6,  -45.5,  -47.8,  -49.1,  -48.6,  -46.7,  482.1,  484.3,  484.9,  483.5,  480.9,  478.7,  478.1,  479.5,  485.8,  483.5,  481.3,  480.1,  479.9,  480.5,  481.4,  479.4,  478.0,  478.0,  479.7,  482.5,  481.3,  480.7,  481.0,  481.9,  483.0,  483.6,  483.4,  482.4,  460.1,  461.5,  462.5,  462.4,  461.3,  459.9,  458.9,  459.2,  460.9,  459.8,  459.1,  459.2,  460.7,  463.1,  465.7,  462.6,  459.9,  458.2,  458.0,  459.2,  460.7,  460.7,  461.1,  461.8,  462.3,  462.4,  461.9,  461.2,  -1.9,  -22.2,  519.5,  -0.109,  -0.002,  0.185,  288.8,  284.4,  282.0,  281.8,  285.2,  293.9,  305.7,  321.7,  341.5,  361.7,  380.5,  397.2,  411.1,  421.2,  428.1,  433.6,  437.6,  307.3,  317.9,  330.4,  342.8,  353.2,  386.1,  398.4,  410.0,  420.8,  428.4,  366.7,  364.7,  362.9,  360.9,  341.4,  349.6,  357.9,  367.1,  375.4,  316.6,  326.1,  335.5,  344.0,  334.2,  325.0,  385.4,  395.4,  405.0,  412.6,  404.6,  395.1,  319.0,  332.5,  347.0,  355.7,  365.7,  378.4,  387.6,  374.2,  360.2,  349.3,  339.6,  327.0,  324.0,  345.4,  354.4,  364.3,  382.6,  361.6,  351.2,  341.9,  217.5,  238.2,  259.9,  281.4,  301.9,  320.0,  334.7,  346.5,  353.5,  355.5,  351.2,  343.0,  329.1,  310.4,  289.3,  268.8,  249.3,  194.1,  186.0,  184.1,  187.2,  193.9,  199.4,  197.3,  198.8,  203.2,  212.3,  217.6,  228.1,  238.4,  249.2,  259.2,  263.0,  266.5,  265.7,  265.1,  217.1,  214.4,  216.2,  221.2,  221.3,  219.7,  229.1,  227.3,  229.3,  234.3,  234.3,  232.5,  286.7,  276.1,  273.4,  276.7,  276.9,  284.9,  298.5,  310.4,  313.4,  312.3,  310.0,  302.4,  287.6,  282.5,  284.4,  285.7,  297.9,  302.6,  301.5,  299.3,  -70.6,  -74.5,  -76.7,  -76.7,  -72.7,  -63.1,  -50.5,  -34.6,  -16.6,  1.6,  19.0,  35.3,  49.0,  58.8,  65.3,  71.0,  75.6,  -49.6,  -39.5,  -27.5,  -15.9,  -6.3,  23.7,  35.3,  46.2,  56.5,  63.6,  6.0,  4.2,  2.6,  0.8,  -16.5,  -9.2,  -1.8,  6.2,  13.6,  -40.4,  -31.3,  -22.6,  -14.7,  -23.7,  -32.2,  23.3,  32.6,  41.4,  48.5,  40.8,  32.1,  -37.2,  -24.2,  -11.3,  -3.7,  4.9,  16.2,  24.9,  12.5,  0.2,  -9.2,  -17.6,  -29.0,  -32.5,  -12.7,  -4.8,  3.7,  20.3,  1.4,  -7.6,  -15.8,  -69.8,  -49.1,  -27.6,  -6.4,  13.5,  30.6,  43.5,  52.9,  58.7,  61.1,  58.7,  52.2,  39.4,  21.5,  1.3,  -18.6,  -37.8,  -88.4,  -95.7,  -96.7,  -92.9,  -86.0,  -80.6,  -83.2,  -82.4,  -78.8,  -70.4,  -63.6,  -53.3,  -43.5,  -33.4,  -25.5,  -22.0,  -18.8,  -19.5,  -20.2,  -66.0,  -68.0,  -66.3,  -61.4,  -61.3,  -62.9,  -54.0,  -55.8,  -54.0,  -49.5,  -49.2,  -50.8,  -1.2,  -10.5,  -12.7,  -9.8,  -9.6,  -2.7,  9.5,  19.7,  21.9,  21.0,  19.0,  12.6,  -0.3,  -4.8,  -3.2,  -2.0,  8.9,  12.7,  11.7,  9.9,  575.8,  572.8,  571.7,  570.0,  565.0,  554.8,  541.1,  525.4,  521.1,  526.6,  539.6,  552.1,  557.2,  558.3,  557.5,  561.2,  566.5,  547.0,  545.5,  540.9,  535.7,  531.4,  528.9,  533.2,  536.9,  540.1,  540.4,  525.5,  517.4,  509.6,  501.5,  514.4,  511.0,  507.8,  509.8,  512.7,  540.7,  537.3,  536.4,  534.0,  534.7,  535.7,  533.3,  534.3,  534.9,  536.2,  532.8,  532.1,  527.5,  512.3,  504.9,  503.2,  504.6,  511.2,  524.3,  511.1,  502.3,  500.9,  502.0,  510.7,  525.6,  506.1,  504.4,  505.3,  522.4,  506.8,  505.5,  507.1,  1.097,  -0.121,  0.018,  0.186,  357.926,  263.520,  -34.461,  1.693,  7.663,  0.572,  -19.106,  -16.472,  -0.372,  15.481,  -13.859,  -4.923,  -9.028,  -1.040,  0.890,  -0.955,  -1.598,  -1.508,  -2.383,  -1.219,  -5.634,  -0.858,  1.388,  0.116,  1.997,  -2.327,  -0.056,  1.599,  -0.614,  0.110,  -0.358,  -0.198,  0.216,  0.005,  -0.225,  0.104, 0.00, 0.00, 0.01, 0.00, 1.95, 1.19, 0.88, 1.85, 1.93, 0.74, 0.00, 0.00, 0.98, 0.00, 2.40, 0.15, 0.07, 0.00, 0.00, 0.00, 0.00, 1.00, 1.00, 1.00, 1.00, 1.00, 0.00, 0.00, 0.00, 1.00, 1.00, 1.00, 0.00, 0.00, 1.00
6,  0,  0.200,  0.98,  1,  0.100006,  0.105814,  -0.989344,  -0.118725,  0.061626,  -0.991013,  -0.009,  0.084,  328.2,  331.2,  336.7,  341.4,  342.5,  339.8,  334.0,  329.3,  321.6,  324.9,  329.0,  334.0,  339.1,  343.5,  346.8,  343.0,  338.0,  332.7,  328.0,  324.1,  332.9,  334.9,  337.2,  338.4,  337.9,  336.0,  333.7,  332.5,  394.9,  397.5,  402.9,  407.9,  409.6,  406.9,  401.5,  396.0,  390.2,  394.1,  399.1,  404.7,  409.2,  412.3,  414.3,  412.1,  408.8,  404.5,  399.2,  394.0,  399.2,  401.5,  404.0,  405.2,  404.4,  402.1,  399.6,  398.4,  217.2,  212.8,  211.5,  214.0,  219.0,  224.0,  224.8,  222.2,  218.6,  217.1,  216.1,  216.1,  217.4,  219.5,  221.7,  222.0,  221.0,  220.3,  219.8,  219.4,  220.3,  221.4,  220.8,  219.0,  216.9,  215.8,  216.4,  218.2,  228.8,  224.3,  223.5,  227.0,  232.7,  237.2,  238.0,  234.9,  231.2,  229.6,  228.9,  229.6,  231.5,  234.0,  236.8,  237.3,  236.7,  235.6,  234.3,  233.1,  232.9,  234.5,  234.2,  232.1,  229.4,  227.8,  228.2,  230.3,  -27.3,  -24.8,  -20.1,  -16.0,  -14.9,  -17.2,  -22.1,  -26.2,  -33.3,  -30.3,  -26.6,  -22.3,  -17.8,  -14.1,  -11.3,  -14.5,  -18.7,  -23.3,  -27.4,  -30.9,  -23.2,  -21.5,  -19.6,  -18.5,  -19.0,  -20.7,  -22.6,  -23.7,  27.5,  29.7,  34.2,  38.2,  39.3,  37.0,  32.6,  28.2,  23.7,  26.8,  30.8,  35.2,  39.0,  41.7,  43.5,  41.5,  38.6,  35.0,  30.8,  26.7,  30.9,  32.7,  34.8,  35.9,  35.3,  33.5,  31.4,  30.4,  -60.8,  -64.8,  -66.0,  -63.6,  -59.0,  -54.6,  -53.9,  -56.3,  -60.2,  -61.2,  -61.7,  -61.5,  -60.3,  -58.6,  -56.7,  -56.3,  -57.0,  -57.7,  -58.3,  -59.0,  -58.1,  -57.1,  -57.6,  -59.2,  -61.1,  -62.1,  -61.6,  -60.0,  -46.6,  -50.5,  -51.3,  -48.6,  -43.9,  -40.1,  -39.3,  -41.7,  -44.7,  -45.9,  -46.5,  -46.1,  -44.8,  -43.1,  -41.0,  -40.4,  -40.5,  -41.2,  -42.1,  -43.1,  -43.5,  -42.2,  -42.6,  -44.4,  -46.5,  -47.8,  -47.4,  -45.6,  499.2,  500.8,  501.0,  499.6,  497.4,  495.8,  495.6,  497.0,  504.0,  501.3,  498.7,  497.1,  496.6,  497.1,  497.9,  496.2,  495.1,  495.4,  497.4,  500.5,  498.5,  497.9,  498.0,  498.7,  499.6,  500.2,  500.1,  499.4,  457.6,  460.1,  462.2,  462.7,  461.3,  458.8,  456.7,  456.2,  457.0,  456.9,  457.3,  458.4,  460.6,  463.5,  466.2,  462.7,  459.3,  456.7,  455.7,  456.0,  458.7,  458.9,  459.9,  461.1,  461.7,  461.5,  460.5,  459.3,  1.4,  -20.3,  516.0,  -0.118,  -0.012,  0.187,  292.3,  287.8,  285.2,  284.8,  288.1,  296.7,  308.7,  325.1,  345.3,  365.8,  384.4,  401.0,  414.8,  424.8,  431.6,  436.9,  440.7,  310.6,  320.6,  333.7,  346.7,  357.5,  389.8,  402.8,  415.1,  425.8,  432.0,  370.5,  368.7,  367.0,  365.1,  345.1,  353.4,  361.9,  371.1,  379.5,  320.3,  329.6,  338.8,  347.2,  337.7,  328.6,  389.5,  399.3,  408.7,  415.9,  408.2,  398.9,  323.7,  336.9,  350.9,  359.7,  369.8,  381.9,  390.0,  377.7,  364.4,  353.4,  343.7,  331.6,  328.9,  349.2,  358.4,  368.3,  385.0,  365.6,  355.2,  345.8,  218.5,  239.5,  261.3,  282.9,  303.5,  321.6,  336.6,  348.9,  356.1,  358.2,  353.6,  345.3,  331.5,  312.7,  291.2,  270.0,  249.9,  197.1,  187.6,  185.0,  188.3,  195.4,  201.2,  199.0,  200.9,  206.6,  217.1,  219.5,  230.0,  240.4,  251.4,  260.9,  264.9,  268.5,  267.8,  267.1,  218.2,  215.6,  217.2,  222.2,  222.5,  220.9,  230.5,  228.9,  231.0,  236.0,  235.9,  234.0,  290.0,  278.6,  275.8,  279.3,  279.5,  287.7,  301.9,  313.1,  315.8,  314.5,  312.0,  304.6,  290.7,  285.0,  286.9,  288.5,  300.9,  305.0,  303.8,  301.5,  -66.5,  -70.6,  -73.1,  -73.4,  -69.5,  -60.0,  -47.4,  -31.2,  -13.1,  5.2,  22.5,  38.7,  52.4,  62.1,  68.4,  73.8,  78.1,  -46.2,  -36.8,  -24.4,  -12.2,  -2.3,  27.0,  39.2,  50.7,  61.0,  66.8,  9.4,  7.7,  6.1,  4.4,  -13.1,  -5.7,  1.6,  9.7,  17.1,  -36.7,  -28.0,  -19.4,  -11.7,  -20.4,  -28.8,  26.9,  36.0,  44.6,  51.4,  44.0,  35.5,  -32.6,  -20.1,  -7.8,  -0.2,  8.4,  19.2,  26.8,  15.5,  3.7,  -5.6,  -14.0,  -24.8,  -27.8,  -9.3,  -1.4,  7.2,  22.3,  4.9,  -4.1,  -12.3,  -68.2,  -47.5,  -26.1,  -5.0,  14.9,  31.9,  44.8,  54.6,  60.5,  63.2,  60.5,  54.2,  41.6,  23.7,  3.1,  -17.3,  -36.9,  -85.0,  -93.7,  -95.3,  -91.4,  -84.3,  -78.8,  -81.4,  -80.2,  -75.4,  -65.8,  -61.7,  -51.3,  -41.5,  -31.4,  -23.8,  -20.2,  -16.9,  -17.6,  -18.3,  -64.5,  -66.5,  -64.9,  -60.1,  -59.9,  -61.5,  -52.5,  -54.1,  -52.2,  -47.8,  -47.6,  -49.2,  1.8,  -8.2,  -10.5,  -7.5,  -7.3,  -0.2,  12.5,  21.9,  23.8,  22.7,  20.6,  14.4,  2.4,  -2.6,  -0.9,  0.4,  11.5,  14.7,  13.7,  11.7,  570.8,  568.8,  568.5,  567.2,  561.7,  550.9,  536.6,  521.0,  516.6,  523.0,  536.3,  549.5,  555.5,  556.8,  555.8,  558.4,  562.8,  543.7,  542.4,  537.9,  533.0,  529.3,  527.4,  531.6,  535.3,  538.5,  539.4,  522.9,  514.7,  506.8,  498.7,  511.3,  508.0,  504.8,  507.0,  510.0,  536.6,  533.8,  533.1,  530.9,  531.6,  532.4,  530.9,  532.1,  532.8,  534.2,  531.0,  530.1,  521.4,  507.3,  501.0,  499.5,  501.0,  508.0,  520.5,  508.0,  499.3,  497.6,  498.4,  506.0,  519.6,  502.2,  500.7,  501.8,  518.3,  503.6,  502.1,  503.5,  1.104,  -0.126,  0.002,  0.187,  361.667,  265.555,  -33.742,  3.527,  3.403,  3.152,  -21.393,  -17.212,  -0.649,  14.692,  -10.056,  -4.691,  -9.886,  -2.893,  3.454,  -0.710,  -0.498,  0.163,  -3.724,  -2.963,  -4.360,  -0.122,  -0.027,  1.343,  2.377,  -3.116,  0.117,  1.520,  -0.440,  0.194,  -0.328,  -0.138,  0.247,  -0.076,  -0.206,  0.152, 0.02, 0.00, 0.07, 0.00, 1.82, 1.12, 0.83, 2.09, 2.00, 0.67, 0.01, 0.00, 0.83, 0.00, 2.47, 0.04, 0.15, 0.00, 0.00, 0.00, 0.00, 1.00, 1.00, 0.00, 1.00, 1.00, 0.00, 0.00, 0.00, 1.00, 1.00, 1.00, 0.00, 0.00, 1.00
7,  0,  0.240,  0.98,  1,  0.102285,  0.104457,  -0.989256,  -0.160728,  0.061245,  -0.985097,  -0.030,  0.084,  330.8,  334.0,  339.5,  344.1,  345.1,  342.2,  336.4,  331.8,  324.4,  327.6,  331.7,  336.6,  341.8,  346.1,  349.4,  345.5,  340.4,  335.1,  330.5,  326.7,  335.5,  337.4,  339.8,  341.1,  340.7,  338.7,  336.4,  335.0,  396.7,  399.3,  404.7,  409.8,  411.5,  408.9,  403.5,  397.9,  392.8,  396.7,  401.6,  407.2,  411.9,  415.1,  417.0,  414.7,  411.4,  407.1,  401.9,  396.7,  401.2,  403.5,  406.0,  407.2,  406.4,  404.0,  401.6,  400.4,  217.8,  213.4,  212.2,  214.7,  219.5,  224.4,  225.1,  222.6,  219.4,  217.6,  216.5,  216.4,  217.8,  220.0,  222.4,  222.6,  221.5,  220.7,  220.3,  220.0,  220.9,  221.9,  221.4,  219.6,  217.5,  216.4,  217.0,  218.8,  229.7,  224.9,  223.7,  226.9,  232.5,  237.3,  238.5,  235.8,  232.1,  230.1,  229.1,  229.5,  231.4,  233.9,  236.8,  237.4,  237.1,  236.2,  235.0,  233.9,  233.4,  234.9,  234.3,  232.1,  229.6,  228.1,  228.7,  230.9,  -24.8,  -22.2,  -17.5,  -13.5,  -12.6,  -15.0,  -19.9,  -23.8,  -30.5,  -27.6,  -24.0,  -19.7,  -15.4,  -11.7,  -8.9,  -12.2,  -16.5,  -20.9,  -25.0,  -28.3,  -20.8,  -19.1,  -17.1,  -16.0,  -16.4,  -18.1,  -20.1,  -21.2,  29.1,  31.3,  35.7,  39.8,  41.1,  38.9,  34.4,  30.0,  26.0,  29.1,  33.0,  37.5,  41.4,  44.2,  46.0,  43.9,  40.9,  37.3,  33.1,  29.0,  32.7,  34.6,  36.6,  37.6,  37.1,  35.2,  33.2,  32.1,  -59.7,  -63.6,  -64.6,  -62.3,  -57.9,  -53.6,  -52.9,  -55.3,  -58.9,  -60.1,  -60.6,  -60.5,  -59.3,  -57.4,  -55.4,  -55.1,  -56.0,  -56.7,  -57.3,  -57.9,  -56.9,  -55.9,  -56.4,  -58.0,  -59.9,  -60.9,  -60.4,  -58.8,  -46.2,  -50.3,  -51.4,  -48.9,  -44.3,  -40.3,  -39.2,  -41.3,  -44.3,  -45.9,  -46.7,  -46.5,  -45.2,  -43.5,  -41.3,  -40.6,  -40.6,  -41.0,  -41.9,  -42.8,  -43.4,  -42.3,  -42.8,  -44.6,  -46.7,  -47.8,  -47.3,  -45.5,  493.7,  495.4,  495.4,  493.7,  491.2,  489.5,  489.5,  491.2,  498.6,  495.8,  493.1,  491.3,  490.6,  490.8,  491.4,  489.7,  488.9,  489.5,  491.6,  494.9,  492.7,  491.9,  491.9,  492.7,  493.7,  494.5,  494.5,  493.7,  461.1,  463.1,  464.9,  465.3,  464.2,  462.1,  460.4,  460.0,  460.6,  460.4,  460.7,  461.8,  463.9,  466.8,  469.5,  466.2,  462.9,  460.4,  459.4,  459.7,  462.2,  462.4,  463.2,  464.1,  464.6,  464.4,  463.6,  462.7,  3.8,  -19.4,  514.4,  -0.115,  -0.015,  0.181,  294.4,  289.8,  287.2,  286.9,  290.6,  299.7,  312.0,  328.4,  348.5,  369.0,  387.3,  403.7,  417.4,  427.2,  433.6,  438.5,  441.9,  313.2,  323.0,  336.2,  349.3,  360.2,  392.5,  405.4,  417.6,  428.1,  433.6,  373.4,  371.6,  370.0,  368.2,  348.1,  356.5,  364.9,  374.1,  382.5,  322.8,  332.2,  341.5,  349.8,  340.3,  331.1,  392.0,  401.8,  411.3,  418.4,  410.8,  401.4,  326.3,  339.8,  354.0,  362.8,  372.7,  385.0,  393.2,  380.8,  367.3,  356.5,  346.8,  334.5,  331.4,  352.4,  361.5,  371.3,  388.2,  368.5,  358.2,  348.8,  218.5,  240.2,  262.7,  284.9,  305.8,  324.0,  338.6,  350.7,  357.8,  359.9,  355.3,  346.7,  332.4,  313.2,  291.3,  269.5,  248.9,  198.3,  188.3,  185.4,  188.6,  195.8,  201.4,  199.1,  201.0,  207.0,  218.0,  219.8,  230.5,  240.9,  252.1,  261.8,  265.7,  269.3,  268.6,  267.9,  218.7,  215.8,  217.6,  222.8,  223.1,  221.5,  231.0,  229.0,  231.1,  236.3,  236.3,  234.5,  291.0,  279.8,  277.0,  280.5,  280.7,  288.9,  302.9,  314.8,  317.5,  316.2,  313.7,  306.0,  291.7,  286.0,  287.9,  289.4,  302.0,  307.2,  306.0,  303.6,  -64.2,  -68.5,  -70.9,  -71.0,  -66.7,  -56.9,  -44.1,  -28.2,  -10.2,  8.0,  25.1,  41.3,  54.8,  64.2,  70.1,  75.1,  79.0,  -43.6,  -34.4,  -22.0,  -9.8,  0.1,  29.4,  41.4,  52.9,  62.9,  68.0,  12.0,  10.2,  8.7,  7.0,  -10.4,  -3.1,  4.3,  12.3,  19.6,  -34.1,  -25.4,  -16.9,  -9.3,  -18.0,  -26.3,  29.1,  38.1,  46.9,  53.5,  46.2,  37.7,  -30.1,  -17.6,  -5.1,  2.4,  10.9,  21.8,  29.7,  18.1,  6.2,  -3.0,  -11.3,  -22.2,  -25.5,  -6.5,  1.3,  9.7,  25.1,  7.3,  -1.6,  -9.7,  -68.0,  -46.6,  -24.6,  -3.0,  17.1,  33.9,  46.5,  56.0,  61.8,  64.5,  62.0,  55.4,  42.4,  24.1,  3.1,  -17.7,  -37.7,  -83.5,  -92.6,  -94.6,  -90.9,  -83.7,  -78.4,  -81.1,  -79.9,  -74.8,  -64.7,  -61.2,  -50.8,  -40.9,  -30.7,  -22.9,  -19.4,  -16.2,  -16.9,  -17.6,  -63.6,  -66.0,  -64.3,  -59.3,  -59.1,  -60.6,  -51.8,  -53.8,  -52.0,  -47.3,  -47.0,  -48.6,  2.7,  -7.1,  -9.4,  -6.4,  -6.3,  0.7,  13.3,  23.3,  25.2,  24.1,  21.9,  15.6,  3.3,  -1.8,  -0.1,  1.2,  12.4,  16.5,  15.5,  13.5,  568.7,  566.6,  566.1,  564.6,  559.0,  548.1,  534.0,  518.8,  514.8,  521.5,  535.0,  548.4,  554.2,  555.3,  554.0,  556.5,  560.6,  540.8,  539.9,  535.9,  531.4,  527.9,  526.4,  530.4,  533.9,  536.8,  537.4,  521.4,  512.9,  504.8,  496.5,  508.9,  505.7,  502.6,  504.9,  508.1,  533.7,  531.3,  530.6,  528.6,  529.2,  529.9,  529.1,  530.3,  531.1,  532.5,  529.2,  528.3,  520.0,  505.9,  499.4,  498.0,  499.7,  507.2,  520.0,  506.9,  497.7,  495.8,  496.4,  504.2,  518.4,  500.4,  499.0,  500.4,  517.7,  502.2,  500.5,  501.7,  1.108,  -0.121,  -0.007,  0.181,  364.372,  266.473,  -36.548,  5.801,  5.134,  4.361,  -22.126,  -15.739,  -0.024,  14.091,  -10.458,  -5.157,  -10.925,  -3.096,  4.265,  -1.999,  -2.092,  0.535,  -2.922,  -3.243,  -4.370,  1.029,  0.010,  2.008,  2.267,  -2.334,  0.847,  1.158,  -0.257,  0.190,  -0.401,  -0.079,  0.243,  -0.030,  -0.198,  0.132, 0.19, 0.00, 0.16, 0.00, 1.75, 1.00, 0.59, 2.30, 2.17, 0.52, 0.15, 0.00, 0.47, 0.00, 2.56, 0.00, 0.30, 0.00, 0.00, 0.00, 0.00, 1.00, 1.00, 0.00, 1.00, 1.00, 0.00, 0.00, 0.00, 0.00, 0.00, 1.00, 0.00, 0.00, 1.00
8,  0,  0.280,  0.98,  1,  0.127113,  0.083304,  -0.988384,  -0.165705,  0.055547,  -0.984610,  -0.020,  0.070,  331.1,  333.9,  339.4,  344.3,  345.8,  343.2,  337.4,  332.5,  323.3,  326.8,  331.5,  336.8,  342.2,  346.5,  349.7,  346.1,  341.3,  336.0,  330.8,  326.5,  335.7,  337.9,  340.3,  341.6,  341.0,  338.8,  336.4,  335.1,  397.2,  400.3,  406.0,  411.0,  412.4,  409.4,  403.7,  398.1,  393.3,  397.5,  402.7,  408.5,  413.2,  416.2,  417.7,  415.5,  412.3,  408.0,  402.7,  397.4,  401.6,  403.9,  406.6,  408.0,  407.3,  405.0,  402.3,  400.9,  215.8,  211.3,  210.0,  212.8,  217.9,  222.9,  223.6,  220.9,  218.0,  216.3,  215.1,  214.9,  216.2,  218.5,  221.1,  220.9,  219.8,  219.1,  218.7,  218.5,  219.1,  220.3,  219.8,  217.8,  215.5,  214.3,  214.9,  216.9,  227.3,  222.0,  220.8,  224.2,  230.4,  235.7,  236.9,  233.8,  229.5,  227.5,  226.7,  227.2,  229.2,  231.5,  234.3,  235.0,  234.8,  234.1,  232.8,  231.4,  231.2,  232.8,  232.2,  229.8,  226.9,  225.3,  225.9,  228.3,  -24.2,  -21.8,  -17.2,  -13.1,  -11.9,  -14.0,  -18.8,  -22.9,  -30.9,  -27.8,  -23.8,  -19.3,  -14.8,  -11.2,  -8.6,  -11.6,  -15.5,  -19.9,  -24.2,  -28.0,  -20.2,  -18.4,  -16.4,  -15.4,  -15.9,  -17.7,  -19.8,  -20.8,  28.3,  30.7,  35.1,  39.0,  40.1,  37.7,  33.2,  28.9,  25.3,  28.4,  32.4,  36.9,  40.7,  43.3,  44.8,  42.8,  40.0,  36.5,  32.3,  28.3,  31.7,  33.5,  35.6,  36.7,  36.2,  34.4,  32.3,  31.2,  -60.3,  -64.3,  -65.4,  -63.0,  -58.5,  -54.1,  -53.4,  -55.8,  -58.9,  -60.1,  -60.8,  -60.8,  -59.7,  -57.9,  -55.9,  -55.8,  -56.5,  -57.1,  -57.6,  -58.1,  -57.5,  -56.4,  -56.9,  -58.7,  -60.7,  -61.8,  -61.2,  -59.5,  -46.1,  -50.2,  -51.4,  -48.8,  -44.1,  -39.9,  -38.8,  -41.1,  -44.4,  -45.9,  -46.5,  -46.2,  -45.0,  -43.6,  -41.7,  -40.8,  -40.6,  -41.0,  -41.8,  -42.9,  -43.3,  -42.1,  -42.6,  -44.6,  -46.8,  -48.0,  -47.4,  -45.5,  485.1,  487.0,  487.7,  486.9,  484.9,  483.1,  482.3,  483.1,  489.1,  486.7,  484.6,  483.4,  483.5,  484.4,  485.6,  483.6,  482.2,  482.0,  483.4,  486.0,  484.9,  484.6,  484.9,  485.7,  486.6,  487.0,  486.7,  485.8,  441.1,  442.5,  444.2,  445.2,  444.9,  443.6,  441.9,  441.0,  440.8,  440.5,  440.8,  442.1,  444.7,  448.0,  451.2,  447.8,  444.4,  441.7,  440.3,  440.3,  442.8,  443.3,  444.1,  444.7,  444.9,  444.4,  443.6,  442.9,  4.7,  -20.9,  510.7,  -0.121,  -0.020,  0.172,  294.6,  290.0,  287.4,  287.2,  291.5,  301.2,  314.2,  330.8,  350.8,  371.0,  389.0,  405.2,  418.9,  428.5,  434.7,  439.2,  442.2,  313.2,  323.1,  336.3,  349.6,  360.6,  393.7,  406.6,  418.9,  429.4,  434.6,  374.3,  372.7,  371.2,  369.6,  349.2,  357.7,  366.2,  375.4,  383.7,  322.8,  332.2,  341.7,  350.2,  340.5,  331.2,  392.6,  402.6,  412.2,  419.5,  411.8,  402.3,  326.9,  340.7,  355.1,  364.0,  374.0,  386.4,  395.1,  382.4,  368.9,  358.0,  348.2,  335.6,  331.9,  353.5,  362.7,  372.6,  390.1,  370.1,  359.7,  350.2,  218.0,  239.8,  262.6,  285.1,  305.9,  323.8,  337.8,  349.2,  355.9,  357.8,  353.0,  344.5,  330.5,  311.5,  289.8,  268.2,  247.6,  196.7,  186.8,  183.6,  186.5,  193.5,  198.6,  196.2,  198.3,  204.7,  216.0,  217.6,  228.4,  239.0,  250.3,  260.4,  264.1,  267.6,  266.9,  266.3,  217.3,  214.3,  215.9,  221.2,  221.5,  219.9,  228.9,  226.8,  228.8,  234.0,  234.0,  232.3,  288.9,  278.3,  275.5,  278.9,  279.1,  287.1,  300.5,  312.1,  314.7,  313.4,  310.9,  303.5,  289.7,  284.5,  286.4,  287.8,  299.8,  304.2,  303.1,  300.8,  -63.6,  -67.9,  -70.3,  -70.3,  -65.5,  -55.0,  -41.7,  -25.9,  -8.1,  9.8,  26.5,  42.5,  55.8,  65.2,  70.9,  75.6,  79.0,  -43.3,  -34.1,  -21.7,  -9.5,  0.5,  30.3,  42.3,  53.9,  63.9,  68.9,  12.7,  11.1,  9.7,  8.1,  -9.4,  -2.0,  5.3,  13.3,  20.5,  -34.0,  -25.3,  -16.6,  -8.8,  -17.6,  -26.1,  29.5,  38.7,  47.5,  54.2,  46.9,  38.3,  -29.4,  -16.7,  -4.2,  3.4,  12.0,  22.9,  31.2,  19.4,  7.5,  -1.7,  -10.0,  -21.0,  -24.9,  -5.5,  2.3,  10.8,  26.6,  8.6,  -0.3,  -8.4,  -68.1,  -46.8,  -24.6,  -2.8,  17.2,  33.5,  45.4,  54.2,  59.6,  62.2,  59.5,  53.1,  40.3,  22.4,  1.7,  -18.9,  -38.8,  -84.5,  -93.5,  -95.7,  -92.2,  -85.2,  -80.4,  -83.3,  -82.0,  -76.7,  -66.4,  -62.8,  -52.2,  -42.2,  -31.9,  -24.0,  -20.6,  -17.5,  -18.1,  -18.8,  -64.5,  -67.0,  -65.4,  -60.4,  -60.2,  -61.6,  -53.5,  -55.6,  -53.9,  -49.2,  -48.9,  -50.4,  0.8,  -8.4,  -10.7,  -7.7,  -7.6,  -0.8,  11.1,  20.8,  22.6,  21.5,  19.4,  13.3,  1.5,  -3.0,  -1.4,  -0.2,  10.4,  13.9,  12.9,  10.9,  565.5,  563.4,  562.9,  561.3,  555.5,  544.4,  529.7,  514.5,  510.8,  517.8,  531.8,  545.4,  551.4,  552.9,  552.1,  554.8,  559.1,  537.9,  537.1,  533.2,  528.3,  524.6,  522.9,  527.3,  531.6,  535.0,  536.2,  518.1,  509.1,  500.5,  491.7,  504.7,  501.4,  498.2,  500.7,  504.1,  530.5,  528.1,  527.4,  525.2,  525.8,  526.4,  526.0,  527.7,  528.5,  530.0,  526.4,  525.4,  516.5,  502.2,  495.4,  494.1,  495.9,  503.7,  516.9,  503.2,  493.7,  491.5,  492.1,  500.3,  514.7,  496.5,  495.2,  496.9,  514.5,  498.2,  496.3,  497.5,  1.115,  -0.130,  -0.015,  0.171,  365.414,  264.659,  -31.950,  6.883,  5.961,  5.266,  -20.167,  -13.325,  -1.554,  14.074,  -12.270,  -4.371,  -10.108,  -2.882,  5.049,  -2.397,  -1.523,  1.254,  -4.106,  -2.757,  -4.552,  0.522,  -0.426,  1.868,  2.806,  -1.246,  0.746,  0.802,  0.104,  0.003,  -0.432,  -0.084,  0.218,  0.038,  -0.205,  0.097, 0.51, 0.00, 0.19, 0.05, 1.64, 0.61, 0.39, 2.46, 2.24, 0.43, 0.27, 0.00, 0.25, 0.00, 2.37, 0.00, 0.25, 0.00, 0.00, 0.00, 0.00, 1.00, 1.00, 0.00, 1.00, 1.00, 0.00, 0.00, 0.00, 0.00, 0.00, 1.00, 0.00, 0.00, 1.00
9,  0,  0.320,  0.98,  1,  0.105690,  0.087990,  -0.990498,  -0.161956,  0.040063,  -0.985984,  -0.028,  0.065,  330.6,  333.1,  338.3,  343.1,  344.8,  342.5,  337.0,  332.2,  323.3,  326.7,  331.3,  336.4,  341.6,  345.6,  348.3,  345.0,  340.7,  335.7,  330.8,  326.5,  335.2,  337.3,  339.6,  340.7,  340.0,  337.9,  335.6,  334.5,  397.1,  399.2,  404.5,  409.9,  412.3,  410.2,  404.9,  398.9,  393.2,  397.4,  402.6,  408.3,  412.7,  415.4,  416.9,  415.5,  412.8,  408.8,  403.4,  397.6,  402.0,  404.2,  406.4,  407.3,  406.3,  404.1,  401.9,  401.1,  214.0,  209.4,  207.9,  210.4,  215.5,  220.5,  221.5,  219.0,  215.8,  213.9,  212.7,  212.4,  213.7,  216.1,  219.0,  218.7,  217.7,  217.0,  216.6,  216.3,  217.0,  218.1,  217.4,  215.4,  213.2,  212.1,  212.8,  214.8,  223.4,  218.2,  217.1,  220.6,  226.7,  231.8,  233.0,  230.0,  226.0,  223.8,  222.6,  222.9,  224.8,  227.6,  230.9,  231.2,  230.6,  229.6,  228.5,  227.7,  227.3,  228.8,  228.3,  226.2,  223.7,  222.3,  222.7,  224.8,  -25.8,  -23.7,  -19.1,  -14.9,  -13.4,  -15.3,  -20.1,  -24.3,  -32.4,  -29.3,  -25.2,  -20.6,  -16.1,  -12.7,  -10.3,  -13.1,  -16.8,  -21.2,  -25.5,  -29.4,  -21.8,  -19.9,  -17.9,  -17.0,  -17.6,  -19.5,  -21.5,  -22.4,  26.9,  28.6,  32.7,  36.8,  38.5,  36.7,  32.6,  28.2,  24.0,  27.1,  31.0,  35.3,  38.7,  41.0,  42.4,  41.0,  38.7,  35.5,  31.4,  27.2,  30.6,  32.3,  34.0,  34.7,  34.0,  32.4,  30.7,  30.0,  -64.9,  -69.2,  -70.6,  -68.3,  -63.7,  -59.1,  -58.1,  -60.3,  -63.8,  -65.2,  -66.0,  -66.1,  -65.1,  -63.1,  -60.7,  -60.7,  -61.4,  -62.0,  -62.5,  -63.0,  -62.4,  -61.4,  -62.0,  -63.8,  -65.8,  -66.8,  -66.2,  -64.4,  -46.9,  -51.0,  -52.2,  -49.7,  -45.1,  -41.0,  -39.9,  -42.0,  -44.8,  -46.6,  -47.5,  -47.5,  -46.4,  -44.7,  -42.6,  -42.0,  -42.1,  -42.5,  -43.1,  -43.6,  -44.2,  -43.2,  -43.7,  -45.4,  -47.2,  -48.2,  -47.8,  -46.1,  509.9,  511.7,  512.5,  512.1,  510.5,  509.0,  507.9,  508.4,  513.4,  511.4,  509.4,  508.5,  509.0,  510.1,  511.2,  509.4,  507.9,  507.4,  508.5,  510.7,  510.2,  510.0,  510.4,  511.2,  511.8,  512.0,  511.7,  510.9,  422.1,  424.8,  427.6,  428.7,  427.5,  424.7,  422.0,  420.8,  420.7,  421.2,  422.4,  424.4,  427.2,  430.6,  433.4,  429.8,  425.9,  422.7,  420.9,  420.4,  423.9,  424.3,  425.4,  426.5,  427.0,  426.6,  425.5,  424.4,  5.0,  -23.1,  507.6,  -0.143,  -0.015,  0.159,  294.4,  290.0,  287.7,  287.8,  292.2,  301.9,  315.1,  332.1,  352.5,  373.0,  391.0,  407.2,  420.7,  430.2,  436.1,  440.4,  443.3,  312.7,  322.4,  335.5,  348.8,  359.8,  393.5,  406.8,  419.2,  429.6,  434.7,  373.6,  372.1,  370.7,  369.2,  349.2,  357.7,  366.2,  375.4,  383.6,  322.5,  331.6,  341.2,  349.7,  340.1,  330.7,  392.6,  402.3,  412.0,  419.2,  411.7,  402.2,  328.2,  341.5,  355.3,  364.2,  374.2,  386.6,  395.1,  383.2,  370.1,  359.2,  349.5,  337.1,  333.3,  354.0,  363.1,  373.1,  390.2,  371.0,  360.6,  351.1,  217.4,  239.0,  261.8,  284.2,  304.7,  322.1,  335.5,  346.4,  352.6,  354.6,  350.2,  342.2,  328.5,  309.8,  288.1,  266.4,  245.8,  194.8,  184.7,  181.2,  183.5,  189.9,  194.2,  192.1,  194.4,  201.2,  212.8,  214.3,  225.1,  235.8,  247.0,  258.1,  261.6,  264.8,  264.0,  263.3,  215.3,  211.8,  213.3,  218.5,  219.0,  217.8,  225.4,  222.9,  224.7,  230.1,  230.2,  228.5,  288.3,  276.9,  273.6,  276.8,  276.8,  284.7,  298.3,  308.8,  311.1,  310.1,  307.8,  301.3,  288.8,  282.8,  284.4,  285.6,  297.5,  300.8,  299.9,  297.8,  -63.5,  -67.6,  -69.7,  -69.4,  -64.4,  -54.0,  -40.6,  -24.5,  -6.5,  11.5,  28.1,  43.9,  57.1,  66.3,  71.9,  76.3,  79.7,  -43.7,  -34.6,  -22.4,  -10.2,  -0.2,  30.0,  42.3,  54.0,  63.9,  68.7,  12.1,  10.5,  9.2,  7.7,  -9.4,  -2.0,  5.3,  13.2,  20.4,  -34.2,  -25.7,  -17.0,  -9.3,  -17.9,  -26.4,  29.3,  38.3,  47.1,  53.8,  46.6,  38.0,  -28.0,  -15.9,  -4.0,  3.6,  12.1,  22.9,  31.0,  19.9,  8.5,  -0.7,  -8.9,  -19.5,  -23.4,  -5.1,  2.6,  11.1,  26.5,  9.3,  0.5,  -7.5,  -68.5,  -47.3,  -25.3,  -3.6,  15.8,  31.7,  42.9,  51.1,  56.1,  58.7,  56.3,  50.4,  38.1,  20.6,  0.1,  -20.5,  -40.4,  -86.1,  -95.3,  -97.8,  -94.8,  -88.4,  -84.1,  -86.8,  -85.4,  -79.6,  -69.2,  -65.5,  -54.9,  -44.8,  -34.6,  -25.8,  -22.7,  -19.8,  -20.6,  -21.3,  -66.1,  -69.0,  -67.6,  -62.7,  -62.2,  -63.4,  -56.5,  -58.9,  -57.3,  -52.6,  -52.2,  -53.5,  0.3,  -9.5,  -12.2,  -9.5,  -9.5,  -2.8,  9.1,  17.9,  19.5,  18.5,  16.6,  11.3,  0.7,  -4.5,  -3.1,  -2.0,  8.3,  10.9,  10.1,  8.3,  563.3,  561.1,  560.4,  558.6,  552.2,  540.3,  525.0,  509.4,  505.1,  512.2,  526.2,  540.1,  546.8,  549.0,  548.7,  551.5,  556.1,  536.8,  536.1,  532.2,  527.3,  523.5,  521.4,  526.0,  530.3,  533.4,  534.6,  516.5,  507.4,  498.7,  489.9,  502.5,  499.2,  495.9,  498.2,  501.6,  528.9,  526.6,  525.7,  523.7,  524.1,  524.9,  523.9,  525.5,  526.2,  527.6,  524.1,  523.2,  512.0,  498.5,  492.5,  491.1,  492.7,  500.0,  512.5,  499.1,  490.0,  488.0,  488.7,  496.4,  510.1,  493.4,  492.1,  493.5,  510.0,  494.4,  492.8,  494.0,  1.121,  -0.157,  -0.009,  0.159,  365.778,  262.077,  -32.380,  5.476,  1.190,  5.940,  -19.017,  -12.700,  -0.571,  15.126,  -10.625,  -2.160,  -10.978,  -2.970,  5.134,  -2.673,  -0.174,  2.938,  -4.733,  -3.050,  -3.593,  -0.041,  0.134,  2.551,  2.692,  -1.496,  0.496,  0.574,  0.334,  -0.014,  -0.359,  0.027,  0.184,  0.056,  -0.120,  0.023, 0.87, 0.00, 0.18, 0.05, 1.42, 0.22, 0.24, 2.29, 2.12, 0.37, 0.41, 0.00, 0.12, 0.00, 1.97, 0.00, 0.24, 1.00, 0.00, 0.00, 0.00, 1.00, 1.00, 0.00, 1.00, 1.00, 0.00, 0.00, 0.00, 0.00, 0.00, 0.00, 0.00, 0.00, 1.00
10,  0,  0.360,  0.98,  1,  0.080381,  0.092832,  -0.992432,  -0.104418,  0.046746,  -0.993434,  -0.012,  0.070,  329.6,  332.3,  337.7,  342.6,  344.2,  341.9,  336.1,  331.2,  322.9,  326.2,  330.6,  335.6,  340.9,  345.4,  348.8,  345.0,  340.2,  334.9,  330.0,  325.8,  334.5,  336.6,  339.0,  340.1,  339.5,  337.3,  335.0,  333.8,  397.0,  399.1,  404.5,  409.8,  412.1,  410.0,  404.6,  398.7,  391.6,  395.9,  401.4,  407.1,  411.7,  414.9,  416.7,  414.8,  411.6,  407.1,  401.5,  395.8,  402.0,  404.1,  406.2,  407.0,  406.1,  404.0,  402.0,  401.1,  212.1,  207.4,  205.7,  208.0,  213.0,  218.2,  219.4,  217.0,  213.9,  212.1,  210.7,  210.3,  211.4,  213.4,  215.9,  215.9,  215.0,  214.5,  214.3,  214.3,  215.0,  216.0,  215.2,  213.2,  211.0,  210.0,  210.8,  212.8,  220.3,  215.2,  213.8,  217.0,  223.0,  228.2,  229.5,  226.7,  222.7,  220.6,  219.4,  219.8,  221.6,  224.2,  227.3,  227.7,  227.1,  226.1,  225.1,  224.3,  223.9,  225.1,  224.6,  222.6,  220.3,  219.1,  219.6,  221.6,  -25.9,  -23.7,  -19.0,  -14.8,  -13.4,  -15.3,  -20.2,  -24.4,  -31.9,  -28.8,  -25.0,  -20.6,  -16.2,  -12.4,  -9.5,  -12.7,  -16.7,  -21.2,  -25.4,  -29.1,  -21.7,  -19.8,  -17.8,  -16.9,  -17.5,  -19.3,  -21.3,  -22.3,  27.7,  29.4,  33.6,  37.8,  39.4,  37.6,  33.4,  28.9,  23.6,  26.8,  31.0,  35.4,  39.1,  41.7,  43.4,  41.6,  38.8,  35.2,  30.9,  26.7,  31.6,  33.2,  34.8,  35.5,  34.9,  33.3,  31.6,  30.9,  -64.6,  -68.8,  -70.3,  -68.1,  -63.6,  -59.0,  -58.0,  -60.1,  -63.5,  -64.8,  -65.7,  -65.8,  -64.9,  -63.2,  -61.2,  -61.0,  -61.6,  -62.0,  -62.4,  -62.8,  -62.1,  -61.1,  -61.8,  -63.6,  -65.5,  -66.5,  -65.8,  -64.0,  -50.6,  -54.8,  -56.1,  -53.8,  -49.2,  -45.0,  -43.7,  -45.7,  -48.8,  -50.4,  -51.3,  -51.2,  -50.1,  -48.5,  -46.5,  -45.8,  -45.8,  -46.3,  -46.9,  -47.5,  -48.2,  -47.3,  -47.8,  -49.4,  -51.2,  -52.1,  -51.5,  -49.9,  494.3,  496.0,  496.3,  495.1,  493.0,  491.3,  490.9,  492.2,  498.7,  496.0,  493.6,  492.1,  491.9,  492.5,  493.5,  491.7,  490.6,  490.7,  492.3,  495.2,  493.8,  493.2,  493.4,  494.1,  495.0,  495.6,  495.4,  494.7,  434.8,  437.3,  439.8,  440.8,  439.7,  437.2,  434.7,  433.7,  434.1,  434.2,  434.9,  436.4,  438.8,  442.0,  444.9,  441.3,  437.6,  434.7,  433.4,  433.4,  436.6,  437.0,  437.9,  438.9,  439.3,  438.9,  438.0,  437.0,  4.6,  -25.1,  502.0,  -0.147,  -0.004,  0.151,  293.8,  289.6,  287.6,  288.1,  292.6,  302.4,  315.6,  332.4,  352.8,  373.4,  391.6,  408.0,  421.7,  431.3,  437.3,  441.7,  444.5,  311.6,  321.2,  334.2,  347.6,  358.9,  392.3,  405.7,  418.4,  429.2,  434.6,  372.7,  371.2,  369.9,  368.4,  348.7,  357.1,  365.6,  374.8,  383.1,  321.9,  331.1,  340.6,  349.2,  339.7,  330.3,  391.4,  401.3,  410.9,  418.4,  410.7,  401.1,  328.7,  341.4,  354.7,  363.5,  373.5,  385.6,  394.2,  382.5,  369.8,  358.9,  349.3,  337.5,  333.8,  353.4,  362.5,  372.4,  389.3,  370.7,  360.4,  351.0,  215.5,  237.3,  260.5,  283.1,  303.6,  320.9,  333.8,  343.9,  349.8,  351.9,  347.8,  340.1,  326.6,  308.1,  286.5,  264.5,  243.8,  192.8,  182.5,  178.5,  180.5,  186.5,  190.0,  187.8,  190.2,  197.3,  209.1,  211.2,  222.1,  232.8,  244.0,  256.0,  259.2,  262.1,  261.3,  260.6,  213.3,  209.7,  211.0,  216.0,  216.6,  215.6,  222.1,  219.5,  221.2,  226.5,  226.7,  225.2,  286.8,  275.2,  271.5,  274.6,  274.5,  282.5,  295.9,  305.2,  307.2,  306.3,  304.1,  298.3,  287.0,  280.9,  282.4,  283.6,  295.0,  296.8,  295.9,  294.0,  -63.8,  -67.6,  -69.4,  -68.7,  -63.5,  -53.1,  -39.8,  -24.0,  -6.2,  11.7,  28.3,  44.2,  57.5,  66.8,  72.5,  77.0,  80.5,  -44.4,  -35.5,  -23.4,  -11.1,  -1.0,  28.6,  40.9,  52.8,  62.9,  68.1,  11.2,  9.7,  8.4,  7.0,  -9.6,  -2.4,  4.8,  12.6,  19.7,  -34.4,  -25.9,  -17.4,  -9.6,  -18.1,  -26.6,  28.0,  36.9,  45.6,  52.5,  45.2,  36.6,  -27.2,  -15.8,  -4.4,  3.0,  11.3,  21.7,  29.8,  19.1,  8.1,  -0.9,  -8.9,  -19.0,  -22.7,  -5.6,  2.1,  10.4,  25.3,  9.0,  0.3,  -7.6,  -69.9,  -48.7,  -26.4,  -4.6,  14.8,  30.3,  41.0,  48.6,  53.2,  55.6,  53.6,  47.9,  36.0,  18.9,  -1.4,  -22.2,  -42.1,  -87.3,  -96.6,  -99.5,  -96.7,  -90.5,  -86.9,  -89.6,  -88.3,  -82.5,  -72.0,  -67.5,  -56.9,  -46.9,  -36.7,  -27.4,  -24.5,  -21.9,  -22.6,  -23.3,  -67.4,  -70.3,  -69.0,  -64.3,  -63.8,  -64.8,  -58.7,  -61.2,  -59.8,  -55.2,  -54.7,  -55.9,  -1.1,  -10.8,  -13.8,  -11.2,  -11.3,  -4.7,  6.9,  14.5,  16.0,  15.2,  13.4,  8.7,  -0.8,  -6.0,  -4.7,  -3.7,  6.1,  7.4,  6.6,  5.1,  560.8,  558.1,  557.1,  555.0,  548.1,  536.2,  520.7,  504.7,  500.1,  506.5,  520.7,  534.7,  541.8,  544.8,  545.2,  548.2,  553.3,  533.4,  532.4,  528.0,  522.6,  518.1,  515.2,  520.0,  524.9,  528.7,  530.5,  511.3,  502.1,  493.3,  484.3,  497.6,  494.0,  490.4,  492.6,  495.9,  524.8,  521.9,  520.8,  518.6,  519.1,  520.1,  518.4,  519.9,  520.5,  522.0,  518.3,  517.5,  506.0,  492.7,  486.9,  485.2,  486.6,  493.4,  505.6,  492.2,  483.9,  482.2,  483.1,  490.7,  503.7,  487.9,  486.3,  487.5,  503.1,  488.2,  486.8,  488.3,  1.132,  -0.165,  0.002,  0.150,  365.433,  259.466,  -24.784,  4.152,  -1.741,  8.483,  -17.805,  -11.505,  2.170,  14.328,  -12.030,  -1.251,  -11.980,  -2.146,  5.061,  -1.818,  0.914,  3.725,  -4.711,  -3.072,  -4.639,  -1.702,  0.194,  1.865,  3.189,  -1.401,  0.548,  0.544,  0.312,  0.236,  -0.318,  0.022,  0.302,  0.055,  -0.128,  0.024, 1.00, 0.00, 0.14, 0.05, 1.21, 0.04, 0.31, 2.14, 1.86, 0.37, 0.48, 0.35, 0.12, 0.00, 1.17, 0.00, 0.33, 1.00, 0.00, 0.00, 0.00, 1.00, 0.00, 0.00, 1.00, 1.00, 0.00, 1.00, 0.00, 0.00, 0.00, 0.00, 0.00, 0.00, 1.00
11,  0,  0.400,  0.98,  1,  0.082857,  0.086200,  -0.992826,  -0.205238,  0.066862,  -0.976425,  -0.062,  0.078,  328.9,  331.2,  336.1,  340.9,  342.7,  340.8,  335.5,  330.7,  322.2,  325.4,  329.6,  334.4,  339.4,  343.6,  346.7,  343.5,  339.0,  334.0,  329.3,  325.2,  333.6,  335.7,  337.9,  338.8,  338.1,  336.0,  333.8,  332.8,  395.3,  397.9,  402.9,  407.3,  408.5,  405.9,  400.9,  396.2,  392.1,  395.5,  399.8,  405.0,  409.9,  413.9,  416.6,  413.3,  409.1,  404.3,  399.4,  395.1,  399.8,  401.6,  403.6,  404.7,  404.2,  402.4,  400.4,  399.3,  210.4,  205.9,  204.1,  206.2,  211.0,  216.0,  217.2,  215.1,  212.5,  211.0,  209.8,  209.3,  210.0,  211.5,  213.3,  213.5,  213.0,  212.8,  212.8,  212.8,  213.0,  213.9,  213.2,  211.2,  209.1,  208.2,  209.0,  211.0,  219.0,  214.5,  213.1,  215.6,  220.5,  224.9,  226.3,  224.2,  220.9,  219.3,  218.3,  218.5,  220.3,  222.5,  225.0,  225.0,  224.3,  223.4,  222.5,  222.0,  221.7,  222.7,  222.1,  220.3,  218.4,  217.4,  217.9,  219.7,  -28.4,  -26.4,  -21.9,  -17.5,  -15.8,  -17.5,  -22.3,  -26.6,  -34.8,  -31.7,  -27.8,  -23.3,  -18.7,  -15.0,  -12.1,  -15.1,  -19.1,  -23.6,  -28.0,  -31.8,  -24.1,  -22.2,  -20.2,  -19.4,  -20.1,  -22.0,  -24.0,  -24.9,  31.7,  34.1,  38.6,  42.5,  43.5,  41.0,  36.6,  32.4,  28.9,  31.8,  35.6,  40.2,  44.7,  48.4,  51.1,  47.9,  43.9,  39.5,  35.2,  31.4,  35.8,  37.3,  39.1,  40.1,  39.7,  38.1,  36.3,  35.3,  -70.9,  -75.2,  -76.9,  -74.9,  -70.3,  -65.6,  -64.3,  -66.3,  -69.5,  -70.6,  -71.3,  -71.6,  -71.0,  -69.8,  -68.3,  -67.9,  -68.1,  -68.3,  -68.5,  -68.8,  -68.5,  -67.6,  -68.3,  -70.2,  -72.2,  -73.1,  -72.4,  -70.5,  -62.0,  -66.1,  -67.3,  -65.0,  -60.4,  -56.3,  -55.1,  -57.1,  -60.3,  -61.6,  -62.3,  -62.0,  -60.6,  -58.9,  -56.9,  -56.5,  -56.9,  -57.6,  -58.5,  -59.1,  -59.5,  -58.6,  -59.1,  -60.7,  -62.6,  -63.5,  -63.0,  -61.3,  530.9,  532.5,  533.1,  532.4,  530.7,  529.2,  528.4,  529.1,  534.9,  532.3,  530.1,  528.9,  529.1,  530.2,  531.6,  529.6,  528.1,  527.8,  529.2,  531.7,  530.8,  530.5,  530.8,  531.5,  532.3,  532.6,  532.3,  531.6,  521.9,  522.8,  522.7,  521.7,  520.3,  519.4,  519.5,  520.8,  522.7,  521.1,  519.7,  519.2,  520.3,  522.4,  524.8,  521.9,  519.6,  518.5,  518.9,  520.7,  521.7,  521.2,  521.2,  521.5,  522.1,  522.5,  522.6,  522.2,  4.0,  -27.4,  502.1,  -0.165,  -0.003,  0.144,  293.4,  289.2,  287.1,  287.5,  292.2,  302.3,  315.8,  332.7,  352.9,  373.2,  391.3,  407.6,  421.3,  431.0,  436.9,  441.2,  444.1,  310.4,  319.5,  332.6,  346.1,  357.6,  391.1,  404.5,  417.3,  428.2,  433.7,  371.5,  370.1,  368.9,  367.5,  348.0,  356.4,  364.9,  374.1,  382.4,  321.1,  330.0,  339.1,  347.9,  338.5,  329.5,  390.4,  400.1,  409.4,  416.9,  409.1,  399.9,  329.1,  341.7,  354.4,  362.9,  372.4,  384.1,  393.1,  381.5,  369.3,  359.0,  349.9,  338.3,  334.1,  353.2,  361.9,  371.4,  388.2,  370.1,  360.3,  351.3,  214.0,  235.9,  259.2,  282.1,  302.3,  318.9,  330.8,  340.4,  346.2,  348.6,  345.2,  338.4,  325.4,  306.8,  284.5,  261.8,  240.7,  191.4,  180.4,  175.9,  177.7,  183.5,  186.6,  184.6,  187.0,  194.1,  206.2,  208.8,  219.5,  230.0,  241.1,  253.2,  256.3,  259.2,  258.4,  257.6,  211.8,  208.8,  209.8,  213.7,  214.6,  213.8,  219.6,  218.0,  219.8,  224.3,  224.3,  222.8,  283.6,  273.1,  269.8,  272.8,  272.6,  280.0,  292.6,  300.0,  301.3,  300.3,  298.3,  293.5,  283.8,  278.6,  280.1,  281.1,  291.5,  291.5,  290.6,  289.0,  -64.4,  -68.2,  -70.1,  -69.4,  -64.1,  -53.2,  -39.5,  -23.7,  -6.1,  11.5,  28.0,  43.8,  57.2,  66.6,  72.3,  76.7,  80.2,  -45.8,  -37.3,  -25.0,  -12.5,  -2.1,  27.6,  40.0,  51.9,  62.2,  67.5,  10.1,  8.8,  7.5,  6.2,  -10.3,  -3.1,  4.2,  12.0,  19.1,  -35.2,  -27.0,  -18.7,  -10.8,  -19.2,  -27.4,  27.2,  35.9,  44.3,  51.2,  43.9,  35.6,  -26.9,  -15.5,  -4.7,  2.4,  10.4,  20.4,  28.8,  18.2,  7.8,  -0.8,  -8.4,  -18.2,  -22.4,  -5.7,  1.6,  9.6,  24.4,  8.5,  0.3,  -7.3,  -71.6,  -50.2,  -27.7,  -5.7,  13.5,  28.5,  38.2,  45.3,  50.0,  52.7,  51.2,  46.3,  34.9,  17.6,  -3.3,  -24.7,  -45.1,  -89.1,  -99.1,  -102.4,  -99.6,  -93.5,  -90.1,  -92.7,  -91.5,  -85.6,  -74.9,  -69.9,  -59.3,  -49.3,  -39.2,  -29.8,  -26.9,  -24.3,  -25.1,  -26.0,  -68.9,  -71.3,  -70.3,  -66.5,  -65.7,  -66.5,  -61.1,  -62.7,  -61.2,  -57.3,  -56.9,  -58.2,  -3.8,  -12.6,  -15.3,  -12.7,  -12.9,  -6.8,  4.0,  10.2,  11.1,  10.2,  8.6,  4.6,  -3.6,  -7.9,  -6.6,  -5.8,  3.1,  2.9,  2.2,  0.8,  562.7,  560.0,  559.1,  556.8,  548.9,  535.9,  518.9,  502.7,  498.6,  505.7,  520.4,  534.9,  542.5,  545.6,  546.3,  548.9,  553.9,  536.3,  535.3,  530.7,  525.0,  519.9,  516.5,  521.4,  526.4,  530.2,  532.1,  512.7,  503.2,  494.0,  484.8,  498.1,  494.4,  490.7,  493.1,  496.4,  526.2,  523.3,  522.2,  520.2,  520.6,  521.4,  519.5,  521.0,  521.5,  523.1,  519.5,  518.8,  505.2,  492.6,  487.3,  485.8,  487.2,  493.6,  505.7,  491.6,  483.4,  481.4,  482.3,  489.7,  502.7,  487.9,  486.6,  487.9,  502.7,  488.1,  486.5,  487.9,  1.131,  -0.187,  0.005,  0.144,  364.743,  256.741,  -20.274,  4.044,  -6.096,  7.975,  -17.990,  -7.620,  1.514,  14.569,  -12.973,  -2.324,  -14.167,  -3.227,  4.966,  -3.522,  1.039,  3.336,  -7.303,  -4.694,  -6.684,  -1.324,  0.237,  1.194,  3.775,  -1.975,  -0.373,  0.572,  0.299,  0.010,  -0.442,  -0.032,  0.294,  -0.013,  -0.117,  0.145, 1.10, 0.00, 0.10, 0.00, 0.90, 0.04, 0.29, 1.84, 1.59, 0.46, 0.58, 0.96, 0.08, 0.12, 0.53, 0.00, 1.14, 1.00, 0.00, 0.00, 0.00, 1.00, 0.00, 0.00, 1.00, 1.00, 0.00, 1.00, 0.00, 0.00, 0.00, 0.00, 0.00, 0.00, 1.00
12,  0,  0.440,  0.98,  1,  0.115073,  0.158398,  -0.980647,  -0.210032,  0.160422,  -0.964444,  -0.049,  0.162,  328.3,  330.9,  336.2,  341.2,  342.9,  340.7,  335.0,  330.0,  321.7,  324.8,  328.7,  333.4,  338.5,  343.4,  347.5,  343.7,  338.4,  332.9,  328.1,  324.2,  333.4,  335.5,  337.8,  338.8,  338.1,  336.0,  333.7,  332.6,  393.1,  395.5,  400.9,  406.0,  407.8,  405.4,  400.0,  394.4,  389.5,  393.6,  398.6,  404.0,  408.5,  411.6,  413.6,  411.8,  408.8,  404.6,  399.1,  393.7,  397.7,  399.9,  402.3,  403.3,  402.5,  400.3,  398.0,  396.9,  211.8,  207.1,  205.1,  207.1,  211.9,  217.1,  218.5,  216.5,  214.0,  212.5,  211.3,  210.7,  210.7,  211.4,  212.2,  213.5,  213.4,  213.7,  214.1,  214.4,  214.3,  215.2,  214.4,  212.4,  210.3,  209.5,  210.3,  212.3,  218.8,  214.2,  213.1,  216.3,  221.7,  226.4,  227.4,  224.7,  219.0,  218.6,  218.6,  219.5,  221.3,  223.3,  225.5,  224.4,  222.8,  221.3,  220.2,  219.8,  222.5,  223.9,  223.4,  221.4,  219.0,  217.6,  218.1,  220.1,  -27.2,  -25.1,  -20.5,  -16.2,  -14.6,  -16.4,  -21.3,  -25.6,  -33.3,  -30.4,  -26.9,  -22.8,  -18.4,  -14.2,  -10.7,  -13.9,  -18.4,  -23.1,  -27.3,  -30.8,  -22.8,  -21.0,  -19.1,  -18.2,  -18.8,  -20.7,  -22.6,  -23.5,  27.3,  29.5,  34.1,  38.4,  39.8,  37.5,  33.0,  28.3,  24.4,  27.7,  31.8,  36.4,  40.3,  43.2,  45.2,  43.3,  40.5,  36.8,  32.2,  27.8,  31.2,  33.0,  35.1,  36.0,  35.4,  33.5,  31.5,  30.6,  -65.5,  -69.8,  -71.5,  -69.5,  -65.2,  -60.5,  -59.2,  -61.1,  -64.3,  -65.2,  -65.8,  -66.2,  -66.0,  -65.5,  -65.0,  -63.7,  -63.5,  -63.3,  -63.3,  -63.5,  -63.2,  -62.4,  -63.1,  -64.9,  -66.8,  -67.6,  -66.9,  -65.1,  -57.1,  -61.3,  -62.4,  -59.9,  -55.1,  -51.0,  -49.9,  -52.1,  -56.9,  -57.3,  -57.2,  -56.7,  -55.5,  -54.1,  -52.6,  -53.2,  -54.1,  -55.0,  -55.8,  -56.1,  -54.2,  -53.1,  -53.6,  -55.4,  -57.5,  -58.6,  -58.1,  -56.3,  499.5,  501.3,  501.4,  499.9,  497.5,  495.8,  495.6,  497.1,  504.9,  501.7,  499.1,  497.4,  496.9,  497.4,  498.5,  496.4,  495.2,  495.5,  497.6,  500.9,  498.7,  498.0,  498.1,  498.9,  499.9,  500.5,  500.4,  499.7,  480.0,  482.6,  484.6,  485.0,  483.4,  480.8,  478.8,  478.5,  479.7,  479.4,  479.6,  480.9,  483.3,  486.4,  489.6,  486.0,  482.6,  479.9,  478.6,  478.7,  481.0,  481.2,  482.1,  483.2,  483.9,  483.7,  482.8,  481.7,  3.3,  -28.6,  499.7,  -0.173,  0.004,  0.139,  292.4,  288.2,  286.0,  286.7,  291.7,  302.3,  315.9,  332.9,  353.3,  373.7,  391.8,  407.9,  421.2,  430.7,  436.6,  441.0,  444.4,  309.9,  318.8,  331.8,  345.3,  356.9,  390.0,  403.4,  416.1,  427.1,  433.3,  370.3,  368.9,  367.6,  366.1,  346.9,  355.1,  363.7,  372.9,  381.2,  320.6,  329.3,  338.1,  347.1,  337.8,  329.1,  389.1,  398.9,  407.8,  415.5,  407.5,  398.6,  328.8,  341.0,  352.7,  361.2,  370.8,  381.9,  391.2,  379.6,  368.0,  357.7,  348.8,  338.1,  333.6,  351.5,  360.3,  369.8,  386.5,  368.8,  359.0,  350.1,  214.0,  235.5,  258.7,  281.8,  301.8,  318.4,  329.6,  338.4,  344.3,  346.7,  343.9,  337.1,  323.9,  305.4,  283.1,  260.3,  239.3,  190.6,  179.3,  174.2,  175.9,  181.2,  183.1,  181.1,  183.6,  191.0,  203.4,  207.5,  218.1,  228.4,  239.4,  251.8,  255.1,  257.9,  257.2,  256.4,  212.4,  210.2,  210.9,  213.3,  214.5,  214.0,  218.5,  218.4,  220.1,  223.8,  223.7,  222.1,  281.5,  272.3,  269.5,  272.5,  272.4,  279.1,  290.5,  295.6,  296.3,  295.2,  293.2,  289.2,  281.5,  277.5,  279.2,  280.1,  289.3,  287.4,  286.5,  284.9,  -65.6,  -69.3,  -71.2,  -70.2,  -64.4,  -53.1,  -39.2,  -23.3,  -5.8,  11.9,  28.4,  44.0,  57.0,  66.3,  71.9,  76.6,  80.6,  -46.3,  -38.0,  -25.7,  -13.2,  -2.8,  26.5,  38.7,  50.7,  61.2,  67.1,  9.1,  7.7,  6.4,  5.1,  -11.2,  -4.1,  3.1,  10.9,  18.1,  -35.7,  -27.5,  -19.7,  -11.5,  -19.9,  -27.6,  25.9,  34.7,  42.7,  49.8,  42.3,  34.3,  -27.0,  -16.0,  -6.1,  1.0,  9.0,  18.5,  27.0,  16.4,  6.6,  -1.9,  -9.3,  -18.4,  -22.7,  -7.1,  0.2,  8.2,  22.8,  7.3,  -0.8,  -8.2,  -71.8,  -50.6,  -28.2,  -6.0,  13.0,  27.9,  36.9,  43.4,  48.1,  50.9,  49.9,  45.1,  33.5,  16.3,  -4.6,  -26.2,  -46.5,  -90.0,  -100.3,  -103.9,  -101.1,  -95.2,  -92.6,  -95.4,  -94.2,  -88.3,  -77.5,  -70.8,  -60.3,  -50.4,  -40.3,  -30.9,  -27.9,  -25.3,  -26.1,  -26.9,  -68.3,  -69.9,  -69.1,  -66.7,  -65.7,  -66.2,  -61.8,  -62.1,  -60.7,  -57.6,  -57.3,  -58.6,  -5.6,  -13.2,  -15.4,  -12.9,  -13.1,  -7.5,  2.2,  6.4,  6.8,  5.9,  4.3,  1.0,  -5.6,  -8.8,  -7.4,  -6.6,  1.1,  -0.5,  -1.2,  -2.6,  564.2,  560.6,  559.3,  556.7,  548.0,  534.6,  516.4,  500.0,  497.0,  504.4,  519.8,  534.0,  541.5,  545.1,  546.2,  549.2,  555.3,  537.3,  536.1,  530.7,  524.3,  518.1,  513.2,  518.7,  524.5,  529.4,  532.3,  511.0,  501.3,  491.8,  482.4,  496.3,  492.6,  488.6,  491.1,  494.6,  525.6,  522.1,  521.1,  519.1,  519.3,  520.0,  517.3,  518.9,  519.3,  521.2,  517.4,  516.6,  502.3,  490.1,  485.4,  483.8,  485.2,  490.7,  502.7,  487.9,  480.5,  478.4,  479.4,  486.5,  499.3,  485.5,  484.2,  485.5,  499.4,  485.5,  483.9,  485.3,  1.134,  -0.198,  0.013,  0.139,  363.838,  255.186,  -10.540,  3.892,  -10.794,  8.790,  -16.629,  -5.316,  1.344,  11.908,  -18.279,  -1.844,  -16.565,  -5.389,  3.065,  -4.316,  0.947,  2.998,  -9.993,  -3.520,  -10.369,  -3.290,  -0.039,  1.015,  4.511,  -3.232,  -0.531,  1.614,  0.177,  -0.240,  -0.255,  -0.185,  0.171,  0.388,  -0.015,  0.061, 1.23, 0.00, 0.11, 0.00, 0.67, 0.04, 0.23, 1.63, 1.28, 0.55, 0.80, 1.95, 0.03, 0.33, 0.06, 0.00, 2.07, 1.00, 0.00, 0.00, 0.00, 1.00, 0.00, 0.00, 1.00, 1.00, 0.00, 1.00, 0.00, 0.00, 0.00, 0.00, 0.00, 0.00, 1.00
13,  0,  0.480,  0.98,  1,  0.072005,  0.152023,  -0.985751,  -0.216106,  0.151848,  -0.964490,  -0.074,  0.155,  326.6,  329.2,  334.5,  339.5,  341.2,  339.0,  333.3,  328.3,  320.4,  323.5,  327.3,  332.1,  337.3,  342.3,  346.3,  342.4,  337.0,  331.4,  326.6,  322.9,  331.7,  333.8,  336.1,  337.2,  336.5,  334.4,  332.1,  331.0,  392.1,  394.7,  400.2,  405.3,  406.9,  404.3,  398.8,  393.3,  388.4,  392.5,  397.5,  402.9,  407.6,  411.1,  413.6,  411.2,  407.7,  403.2,  397.7,  392.4,  396.7,  399.0,  401.4,  402.6,  401.8,  399.6,  397.2,  396.0,  211.1,  206.3,  204.2,  206.2,  211.0,  216.4,  218.0,  216.0,  213.2,  211.7,  210.6,  209.9,  210.1,  211.0,  211.9,  213.2,  213.1,  213.4,  213.7,  213.8,  213.6,  214.5,  213.6,  211.5,  209.5,  208.7,  209.5,  211.6,  217.9,  213.3,  212.1,  215.0,  220.4,  225.0,  226.2,  223.7,  217.9,  217.5,  217.6,  218.5,  220.2,  222.2,  224.3,  223.2,  221.7,  220.3,  219.2,  218.8,  221.4,  222.7,  222.2,  220.2,  217.8,  216.5,  217.0,  219.0,  -28.3,  -26.2,  -21.6,  -17.3,  -15.8,  -17.6,  -22.4,  -26.7,  -33.9,  -31.1,  -27.6,  -23.5,  -19.1,  -14.9,  -11.6,  -14.8,  -19.3,  -24.0,  -28.1,  -31.5,  -23.9,  -22.1,  -20.2,  -19.3,  -19.9,  -21.7,  -23.7,  -24.6,  26.9,  29.3,  34.0,  38.3,  39.6,  37.1,  32.5,  27.9,  23.9,  27.3,  31.4,  36.0,  40.1,  43.3,  45.7,  43.4,  40.2,  36.2,  31.5,  27.1,  30.9,  32.8,  34.8,  35.9,  35.3,  33.5,  31.4,  30.3,  -65.1,  -69.5,  -71.2,  -69.3,  -64.9,  -60.1,  -58.8,  -60.7,  -64.0,  -64.9,  -65.5,  -65.8,  -65.5,  -64.9,  -64.3,  -62.9,  -62.8,  -62.7,  -62.7,  -63.0,  -62.9,  -62.1,  -62.8,  -64.6,  -66.5,  -67.3,  -66.6,  -64.7,  -58.9,  -63.1,  -64.2,  -61.7,  -57.0,  -52.8,  -51.7,  -53.9,  -58.9,  -59.1,  -59.0,  -58.4,  -57.1,  -55.8,  -54.3,  -54.9,  -55.8,  -56.7,  -57.6,  -58.0,  -56.0,  -54.9,  -55.4,  -57.2,  -59.3,  -60.4,  -59.9,  -58.1,  492.3,  493.8,  493.8,  492.1,  489.8,  488.3,  488.3,  490.0,  497.6,  494.4,  491.7,  489.8,  489.2,  489.6,  490.6,  488.6,  487.5,  488.1,  490.3,  493.6,  491.3,  490.6,  490.6,  491.3,  492.2,  492.9,  493.0,  492.3,  488.1,  490.3,  491.8,  491.6,  490.0,  487.8,  486.3,  486.5,  488.3,  487.5,  487.2,  487.9,  489.9,  492.7,  495.8,  492.2,  489.1,  486.8,  486.1,  486.8,  488.7,  488.6,  489.3,  490.3,  491.0,  491.0,  490.4,  489.4,  2.0,  -29.2,  495.7,  -0.186,  0.020,  0.141,  291.1,  286.8,  284.9,  285.9,  291.1,  301.8,  315.1,  331.8,  351.9,  372.4,  390.8,  407.3,  420.6,  430.0,  435.8,  440.4,  443.9,  309.0,  318.1,  331.0,  344.2,  355.6,  389.6,  402.9,  415.6,  426.7,  433.0,  369.6,  368.0,  366.5,  364.8,  345.8,  353.9,  362.1,  371.2,  379.4,  319.2,  328.0,  336.9,  346.0,  336.4,  327.6,  387.8,  397.9,  407.0,  414.8,  406.7,  397.5,  327.3,  339.4,  350.8,  358.6,  367.5,  378.3,  388.3,  375.7,  364.2,  354.8,  346.5,  336.4,  332.0,  349.3,  357.5,  366.3,  383.4,  365.4,  356.5,  348.3,  214.0,  235.7,  259.2,  282.5,  302.6,  319.2,  330.0,  338.2,  343.8,  346.2,  343.9,  337.1,  323.7,  304.9,  282.3,  258.8,  237.1,  189.4,  178.3,  173.2,  175.0,  180.1,  181.4,  179.3,  181.6,  188.9,  201.5,  206.0,  217.1,  227.9,  239.5,  251.8,  255.1,  257.8,  257.2,  256.6,  211.8,  209.5,  210.1,  212.4,  213.9,  213.5,  217.4,  217.3,  218.9,  222.6,  222.9,  221.3,  281.1,  272.4,  269.5,  272.5,  272.3,  279.2,  290.5,  293.3,  292.5,  291.1,  289.3,  286.3,  280.9,  278.0,  279.7,  280.7,  289.1,  283.3,  282.2,  280.8,  -66.9,  -70.5,  -72.1,  -70.7,  -64.6,  -53.2,  -39.6,  -24.1,  -6.8,  10.7,  27.3,  43.1,  56.0,  65.1,  70.7,  75.3,  79.3,  -46.9,  -38.5,  -26.4,  -14.2,  -3.9,  26.0,  38.0,  49.8,  60.3,  66.3,  8.4,  6.8,  5.4,  3.9,  -12.0,  -5.2,  1.8,  9.4,  16.4,  -36.7,  -28.6,  -20.6,  -12.5,  -20.9,  -28.9,  24.6,  33.6,  41.7,  48.7,  41.3,  33.1,  -28.1,  -17.2,  -7.6,  -1.1,  6.2,  15.3,  24.2,  13.0,  3.4,  -4.2,  -11.0,  -19.6,  -23.9,  -8.9,  -2.1,  5.2,  19.9,  4.5,  -2.9,  -9.7,  -71.7,  -50.4,  -27.7,  -5.2,  13.7,  28.5,  37.0,  42.8,  47.3,  50.0,  49.6,  44.7,  33.0,  15.7,  -5.3,  -27.4,  -48.1,  -90.7,  -100.8,  -104.4,  -101.6,  -95.8,  -93.5,  -96.4,  -95.4,  -89.6,  -78.6,  -71.7,  -60.8,  -50.5,  -40.0,  -30.7,  -27.7,  -25.2,  -25.8,  -26.5,  -68.6,  -70.2,  -69.5,  -67.1,  -65.8,  -66.3,  -62.4,  -62.7,  -61.2,  -58.1,  -57.5,  -58.8,  -5.9,  -13.0,  -15.3,  -12.8,  -13.0,  -7.3,  2.1,  4.4,  3.7,  2.5,  1.1,  -1.4,  -6.0,  -8.3,  -6.9,  -6.1,  0.9,  -3.9,  -4.8,  -5.9,  563.8,  559.9,  558.2,  554.7,  545.3,  531.5,  512.7,  496.1,  492.9,  499.7,  515.4,  529.7,  537.2,  540.6,  542.0,  544.3,  550.0,  534.6,  534.0,  528.8,  522.5,  516.0,  509.8,  515.3,  520.8,  525.5,  528.0,  508.2,  498.3,  488.6,  479.1,  493.1,  489.4,  485.2,  487.6,  490.9,  523.4,  519.9,  518.6,  516.0,  516.3,  517.3,  513.8,  515.1,  515.4,  517.0,  513.4,  512.8,  498.9,  486.6,  481.8,  480.1,  481.1,  486.1,  497.6,  481.9,  475.0,  473.3,  474.5,  482.2,  495.2,  481.8,  480.4,  481.4,  494.1,  480.5,  479.1,  480.7,  1.142,  -0.213,  0.035,  0.142,  362.362,  254.314,  -7.054,  5.942,  -17.657,  9.428,  -17.038,  -1.283,  -0.005,  9.523,  -21.848,  -3.983,  -17.038,  -4.554,  2.357,  -5.398,  1.015,  3.411,  -8.368,  -1.701,  -10.378,  -3.522,  -1.900,  -0.050,  6.759,  -2.512,  -1.287,  1.373,  0.429,  -0.233,  -0.260,  -0.057,  0.134,  0.364,  -0.006,  0.004, 1.43, 0.00, 0.22, 0.00, 0.51, 0.02, 0.08, 1.39, 1.10, 0.40, 0.78, 2.17, 0.03, 0.44, 0.00, 0.17, 2.66, 1.00, 0.00, 0.00, 0.00, 1.00, 0.00, 0.00, 1.00, 1.00, 0.00, 1.00, 1.00, 0.00, 0.00, 0.00, 0.00, 0.00, 1.00
14,  0,  0.520,  0.98,  1,  0.063936,  0.136575,  -0.988564,  -0.149710,  0.127276,  -0.980504,  -0.044,  0.133,  325.9,  327.9,  332.6,  337.3,  339.2,  337.5,  332.5,  327.8,  318.8,  322.1,  326.4,  331.3,  336.2,  340.3,  343.4,  340.4,  336.0,  331.0,  326.2,  322.0,  330.5,  332.5,  334.5,  335.3,  334.5,  332.5,  330.5,  329.7,  393.5,  396.2,  401.3,  405.8,  407.1,  404.5,  399.4,  394.4,  389.2,  392.7,  397.2,  402.5,  407.3,  411.2,  413.9,  411.0,  407.0,  402.3,  397.2,  392.5,  398.0,  399.8,  402.0,  403.1,  402.5,  400.6,  398.5,  397.4,  210.8,  206.2,  204.4,  206.4,  211.1,  216.0,  217.4,  215.4,  212.7,  211.4,  210.3,  209.8,  210.4,  211.5,  212.8,  213.6,  213.4,  213.4,  213.4,  213.4,  213.1,  214.0,  213.2,  211.3,  209.3,  208.5,  209.2,  211.2,  217.5,  213.0,  211.8,  214.5,  219.6,  224.0,  225.3,  222.9,  218.8,  217.9,  217.3,  217.6,  219.1,  220.9,  222.9,  223.0,  222.4,  221.6,  220.7,  220.1,  220.5,  221.6,  221.1,  219.2,  217.1,  216.0,  216.5,  218.4,  -31.6,  -29.9,  -25.5,  -21.1,  -19.3,  -20.8,  -25.4,  -29.8,  -38.5,  -35.2,  -31.1,  -26.5,  -22.1,  -18.3,  -15.5,  -18.2,  -22.2,  -26.7,  -31.2,  -35.3,  -27.4,  -25.5,  -23.7,  -22.9,  -23.7,  -25.6,  -27.4,  -28.2,  29.9,  32.3,  36.9,  41.0,  42.1,  39.6,  35.0,  30.6,  26.1,  29.2,  33.1,  37.8,  42.2,  45.9,  48.6,  45.7,  41.9,  37.6,  33.0,  28.9,  33.9,  35.6,  37.5,  38.5,  38.0,  36.4,  34.5,  33.4,  -71.6,  -76.0,  -77.8,  -75.8,  -71.4,  -66.6,  -65.2,  -67.1,  -70.3,  -71.2,  -71.9,  -72.2,  -71.8,  -70.9,  -69.9,  -68.9,  -68.9,  -68.8,  -68.9,  -69.3,  -69.4,  -68.6,  -69.3,  -71.2,  -73.1,  -73.9,  -73.2,  -71.3,  -62.9,  -67.0,  -68.2,  -65.8,  -61.1,  -57.0,  -55.8,  -57.9,  -61.8,  -62.5,  -62.9,  -62.6,  -61.5,  -60.2,  -58.7,  -58.2,  -58.4,  -59.0,  -59.8,  -60.5,  -60.3,  -59.3,  -59.8,  -61.5,  -63.4,  -64.4,  -63.9,  -62.2,  538.4,  539.9,  540.7,  540.4,  539.1,  537.7,  536.7,  537.1,  542.5,  539.9,  537.9,  537.0,  537.5,  539.0,  540.8,  538.5,  536.5,  536.0,  537.0,  539.4,  538.8,  538.7,  539.0,  539.7,  540.3,  540.4,  540.0,  539.4,  518.4,  519.6,  520.2,  519.9,  518.8,  517.6,  517.0,  517.5,  519.5,  518.1,  517.1,  517.1,  518.6,  521.1,  524.0,  520.7,  517.9,  516.3,  516.3,  517.7,  518.9,  518.7,  519.0,  519.5,  519.9,  520.1,  519.8,  519.3,  1.1,  -27.7,  494.8,  -0.159,  0.026,  0.140,  289.8,  285.5,  283.7,  284.8,  289.9,  300.3,  313.1,  329.7,  349.9,  370.6,  389.2,  406.1,  419.7,  429.5,  435.5,  440.2,  443.8,  307.6,  316.8,  329.7,  343.0,  354.4,  389.2,  402.5,  415.2,  426.2,  432.4,  368.7,  367.0,  365.4,  363.6,  344.8,  352.8,  361.0,  370.2,  378.4,  317.9,  326.8,  335.8,  344.7,  335.2,  326.3,  387.8,  397.6,  406.9,  414.6,  406.7,  397.4,  325.7,  337.8,  349.7,  357.6,  366.5,  377.9,  387.8,  375.0,  362.9,  353.3,  344.8,  334.3,  330.5,  348.2,  356.4,  365.3,  382.9,  364.1,  355.1,  346.6,  213.6,  235.7,  259.3,  282.8,  303.4,  320.8,  332.9,  342.3,  348.0,  349.9,  346.1,  338.1,  324.0,  304.8,  282.1,  258.6,  236.6,  189.5,  178.2,  173.2,  175.1,  180.5,  182.3,  179.5,  181.3,  188.0,  200.0,  206.5,  218.1,  229.5,  241.6,  253.7,  257.0,  259.9,  259.1,  258.2,  212.0,  209.5,  210.1,  212.8,  214.4,  213.9,  217.7,  217.0,  218.4,  222.3,  222.9,  221.5,  284.0,  274.8,  271.8,  274.8,  274.6,  281.5,  293.0,  298.7,  299.1,  297.9,  295.9,  291.8,  284.0,  280.5,  282.1,  283.1,  291.9,  289.4,  288.5,  287.0,  -67.4,  -71.0,  -72.6,  -71.3,  -65.4,  -54.3,  -41.2,  -25.9,  -8.6,  9.1,  25.8,  41.7,  54.7,  64.0,  69.6,  74.3,  78.4,  -47.8,  -39.4,  -27.3,  -15.1,  -4.9,  25.5,  37.5,  49.0,  59.3,  65.1,  7.5,  6.0,  4.5,  3.0,  -12.8,  -6.1,  0.8,  8.5,  15.5,  -37.6,  -29.5,  -21.4,  -13.5,  -21.9,  -29.9,  24.4,  33.1,  41.3,  48.1,  40.9,  32.8,  -29.4,  -18.6,  -8.6,  -2.0,  5.4,  14.9,  23.7,  12.5,  2.4,  -5.4,  -12.5,  -21.4,  -25.1,  -9.8,  -2.9,  4.4,  19.4,  3.4,  -4.1,  -11.1,  -71.4,  -49.9,  -27.3,  -4.9,  14.4,  29.8,  39.6,  46.3,  50.9,  53.1,  51.3,  45.3,  33.0,  15.4,  -5.4,  -27.3,  -48.0,  -89.7,  -100.0,  -103.6,  -100.7,  -94.8,  -92.2,  -95.5,  -94.8,  -89.5,  -79.0,  -70.8,  -59.6,  -49.0,  -38.1,  -29.0,  -26.0,  -23.4,  -24.2,  -25.1,  -68.0,  -69.8,  -69.0,  -66.4,  -65.0,  -65.6,  -61.7,  -62.5,  -61.2,  -58.0,  -57.1,  -58.3,  -3.5,  -11.0,  -13.4,  -10.9,  -11.1,  -5.4,  4.3,  8.9,  9.1,  8.0,  6.5,  3.1,  -3.4,  -6.2,  -4.8,  -4.1,  3.3,  1.2,  0.4,  -0.9,  557.5,  554.4,  553.5,  551.0,  542.1,  528.9,  511.7,  495.9,  492.4,  498.4,  512.5,  525.8,  532.5,  535.3,  536.3,  538.6,  543.7,  529.7,  529.4,  524.5,  518.7,  512.9,  507.2,  511.8,  516.5,  520.4,  522.3,  505.1,  495.9,  487.1,  478.2,  491.6,  488.0,  484.1,  486.2,  489.3,  519.9,  516.7,  515.4,  512.7,  513.3,  514.4,  510.4,  511.5,  511.5,  512.9,  509.7,  509.3,  498.5,  486.5,  481.2,  479.5,  480.5,  485.4,  496.4,  482.4,  475.9,  474.3,  475.5,  482.7,  495.1,  481.5,  480.1,  480.9,  493.4,  480.8,  479.5,  481.0,  1.148,  -0.182,  0.045,  0.141,  361.330,  255.994,  -23.518,  3.956,  -14.717,  8.840,  -15.001,  -3.858,  1.246,  9.280,  -18.880,  -3.209,  -16.114,  -3.895,  2.666,  -4.887,  1.189,  2.687,  -8.191,  -1.047,  -9.540,  -2.048,  -1.468,  -0.300,  6.707,  -2.581,  -0.803,  0.688,  0.380,  -0.146,  -0.437,  0.061,  0.076,  0.055,  -0.162,  0.084, 1.40, 0.00, 0.32, 0.00, 0.50, 0.05, 0.00, 1.49, 1.05, 0.24, 0.62, 1.79, 0.00, 0.32, 0.00, 0.41, 2.37, 1.00, 0.00, 0.00, 0.00, 1.00, 1.00, 0.00, 1.00, 1.00, 0.00, 1.00, 1.00, 0.00, 1.00, 0.00, 0.00, 0.00, 1.00
15,  0,  0.560,  0.98,  1,  0.084100,  0.117779,  -0.989472,  -0.166970,  0.125701,  -0.977916,  -0.042,  0.123,  323.7,  325.9,  330.9,  335.9,  337.8,  336.0,  330.6,  325.7,  316.8,  320.0,  324.3,  329.3,  334.4,  339.0,  342.5,  339.0,  334.2,  329.0,  324.0,  319.8,  328.7,  330.8,  332.9,  333.8,  332.9,  330.9,  328.8,  327.9,  392.0,  394.8,  400.0,  404.5,  405.7,  402.8,  397.6,  392.8,  388.3,  391.6,  395.9,  401.3,  406.4,  410.7,  413.7,  410.3,  405.9,  400.8,  395.8,  391.4,  396.5,  398.4,  400.6,  401.9,  401.4,  399.4,  397.2,  396.0,  211.5,  206.8,  204.8,  206.7,  211.4,  216.6,  218.1,  216.2,  214.0,  212.4,  211.1,  210.4,  211.0,  212.3,  213.8,  214.4,  214.1,  214.1,  214.3,  214.5,  213.8,  214.6,  213.8,  211.9,  209.9,  209.1,  209.9,  211.9,  217.5,  213.0,  211.7,  214.3,  219.4,  223.9,  225.2,  222.9,  220.0,  218.2,  217.0,  217.0,  218.5,  220.7,  223.2,  223.0,  222.2,  221.4,  220.8,  220.6,  220.5,  221.7,  221.1,  219.2,  217.0,  215.8,  216.4,  218.3,  -31.7,  -30.0,  -25.6,  -21.1,  -19.3,  -20.9,  -25.5,  -29.9,  -38.1,  -35.1,  -31.2,  -26.8,  -22.3,  -18.3,  -15.4,  -18.3,  -22.4,  -26.9,  -31.4,  -35.2,  -27.4,  -25.5,  -23.7,  -22.9,  -23.7,  -25.5,  -27.4,  -28.1,  28.0,  30.6,  35.2,  39.0,  39.9,  37.3,  32.8,  28.6,  24.9,  27.7,  31.4,  36.0,  40.6,  44.5,  47.3,  44.1,  40.0,  35.6,  31.2,  27.5,  31.9,  33.6,  35.6,  36.7,  36.3,  34.6,  32.7,  31.5,  -66.9,  -71.3,  -73.1,  -71.3,  -66.9,  -62.2,  -60.8,  -62.6,  -65.2,  -66.3,  -67.2,  -67.6,  -67.1,  -66.1,  -64.9,  -64.1,  -64.2,  -64.2,  -64.2,  -64.4,  -64.8,  -64.1,  -64.8,  -66.6,  -68.4,  -69.2,  -68.5,  -66.6,  -61.8,  -65.9,  -67.0,  -64.6,  -59.9,  -55.9,  -54.8,  -56.9,  -59.8,  -61.1,  -62.0,  -61.9,  -60.7,  -59.0,  -57.1,  -57.0,  -57.4,  -58.0,  -58.6,  -59.0,  -59.1,  -58.1,  -58.6,  -60.3,  -62.3,  -63.4,  -62.9,  -61.1,  508.2,  509.9,  510.4,  509.5,  507.6,  506.0,  505.3,  506.3,  512.7,  509.9,  507.6,  506.3,  506.3,  507.3,  508.6,  506.6,  505.1,  505.0,  506.4,  509.2,  508.0,  507.6,  507.8,  508.5,  509.3,  509.7,  509.5,  508.8,  509.7,  510.6,  510.5,  509.3,  507.8,  506.9,  507.0,  508.4,  510.8,  509.2,  507.8,  507.1,  507.9,  509.8,  512.1,  509.3,  507.1,  506.3,  506.9,  508.7,  509.3,  508.8,  508.7,  509.2,  509.8,  510.3,  510.4,  510.0,  0.4,  -25.4,  489.9,  -0.126,  0.008,  0.122,  287.7,  283.8,  282.4,  283.7,  289.0,  299.6,  312.9,  329.7,  349.9,  370.4,  388.6,  405.3,  419.0,  428.8,  434.9,  439.3,  442.4,  304.2,  313.0,  326.3,  340.2,  352.2,  386.9,  400.4,  413.3,  424.7,  430.9,  367.0,  365.7,  364.4,  363.0,  344.1,  352.2,  360.7,  369.9,  378.1,  315.8,  324.8,  334.1,  343.1,  333.6,  324.4,  386.6,  396.5,  406.0,  413.7,  405.8,  396.4,  325.7,  337.8,  349.9,  358.1,  367.2,  378.6,  388.1,  376.2,  364.3,  354.5,  345.6,  334.7,  330.7,  348.6,  357.1,  366.2,  383.3,  365.1,  355.8,  347.1,  214.0,  236.7,  260.8,  284.6,  305.7,  323.5,  336.4,  346.4,  351.9,  353.3,  348.4,  339.5,  325.0,  305.5,  282.6,  258.7,  236.2,  191.8,  179.9,  174.7,  176.4,  182.0,  183.8,  180.7,  182.3,  188.9,  201.0,  207.8,  219.7,  231.4,  243.8,  256.3,  259.5,  262.4,  261.4,  260.2,  213.1,  210.0,  210.7,  213.9,  215.5,  215.1,  218.3,  216.7,  218.1,  222.2,  223.0,  221.8,  288.1,  279.0,  275.8,  278.7,  278.2,  284.8,  295.7,  303.2,  304.7,  303.9,  302.0,  297.3,  288.2,  284.4,  285.9,  286.6,  294.9,  294.6,  294.0,  292.5,  -68.2,  -71.5,  -72.8,  -71.4,  -65.5,  -54.4,  -41.2,  -25.7,  -8.5,  8.8,  25.1,  40.8,  53.8,  63.2,  68.7,  73.1,  76.6,  -50.1,  -42.1,  -29.9,  -17.4,  -6.8,  23.2,  35.1,  46.8,  57.3,  63.1,  6.0,  4.8,  3.7,  2.4,  -13.3,  -6.5,  0.5,  8.2,  15.1,  -39.0,  -30.9,  -22.6,  -14.7,  -23.0,  -31.1,  23.1,  31.7,  40.1,  46.9,  39.8,  31.5,  -29.1,  -18.4,  -8.3,  -1.6,  5.9,  15.4,  23.8,  13.4,  3.5,  -4.5,  -11.7,  -20.8,  -24.7,  -9.3,  -2.4,  5.1,  19.6,  4.2,  -3.5,  -10.6,  -69.8,  -48.2,  -25.6,  -3.2,  16.4,  32.0,  42.3,  49.6,  53.8,  55.7,  53.0,  46.4,  33.8,  16.1,  -5.0,  -27.0,  -48.2,  -86.4,  -96.9,  -100.5,  -97.9,  -92.1,  -89.7,  -93.2,  -92.8,  -87.7,  -77.4,  -68.8,  -57.5,  -46.8,  -35.9,  -26.5,  -23.6,  -21.1,  -22.0,  -23.2,  -66.1,  -68.3,  -67.6,  -64.5,  -63.2,  -63.7,  -60.5,  -62.0,  -60.9,  -57.5,  -56.4,  -57.4,  0.0,  -7.5,  -10.0,  -7.6,  -8.0,  -2.6,  6.5,  12.5,  13.6,  12.9,  11.4,  7.7,  0.1,  -3.0,  -1.7,  -1.1,  5.8,  5.4,  4.9,  3.7,  548.0,  545.8,  545.7,  544.3,  536.5,  524.3,  508.3,  493.4,  489.8,  496.2,  510.0,  523.5,  530.3,  533.2,  533.9,  535.7,  540.2,  522.2,  521.0,  515.9,  510.0,  504.7,  500.7,  505.3,  510.3,  514.5,  517.1,  498.2,  489.1,  480.2,  471.4,  485.4,  481.8,  478.1,  480.5,  483.8,  512.5,  509.4,  508.1,  505.9,  506.4,  507.4,  504.6,  506.0,  506.3,  508.0,  504.5,  503.9,  493.0,  481.2,  476.1,  474.6,  475.8,  481.3,  492.6,  479.4,  472.9,  471.1,  472.1,  478.6,  490.0,  476.8,  475.5,  476.6,  489.6,  477.1,  475.7,  477.0,  1.160,  -0.144,  0.021,  0.122,  360.587,  258.287,  -24.973,  1.961,  -12.061,  13.378,  -14.075,  -4.235,  2.216,  9.506,  -14.414,  -2.324,  -14.915,  -2.990,  4.271,  -4.374,  1.046,  2.453,  -8.247,  -2.334,  -8.929,  -1.775,  -0.351,  -0.380,  5.120,  -2.180,  -0.211,  0.529,  0.510,  -0.094,  -0.417,  0.033,  0.206,  0.090,  -0.074,  0.085, 1.33, 0.01, 0.38, 0.00, 0.53, 0.17, 0.01, 1.52, 1.05, 0.01, 0.24, 1.23, 0.14, 0.11, 0.00, 0.72, 1.60, 1.00, 0.00, 0.00, 0.00, 1.00, 0.00, 0.00, 1.00, 1.00, 0.00, 1.00, 1.00, 0.00, 1.00, 0.00, 0.00, 0.00, 1.00
16,  0,  0.600,  0.98,  1,  0.108363,  0.123153,  -0.986454,  -0.180765,  0.156780,  -0.970950,  -0.037,  0.142,  322.2,  324.2,  329.2,  334.2,  336.2,  334.5,  329.2,  324.2,  315.1,  318.2,  322.4,  327.5,  332.7,  337.1,  340.4,  337.1,  332.4,  327.2,  322.3,  318.2,  327.1,  329.2,  331.3,  332.2,  331.3,  329.2,  327.1,  326.3,  390.6,  393.2,  398.5,  403.5,  405.1,  402.5,  397.2,  391.8,  387.0,  390.6,  395.3,  401.1,  406.2,  409.8,  411.9,  409.4,  405.8,  401.3,  395.9,  390.9,  395.2,  397.4,  399.7,  400.9,  400.1,  398.0,  395.7,  394.5,  213.6,  208.8,  206.8,  208.8,  213.5,  218.8,  220.3,  218.4,  216.4,  214.4,  212.9,  212.0,  212.4,  213.9,  215.6,  216.3,  216.1,  216.3,  216.5,  216.7,  216.0,  216.8,  215.9,  213.9,  211.9,  211.1,  212.0,  214.0,  219.2,  214.2,  212.6,  215.3,  220.9,  225.9,  227.5,  225.1,  221.6,  219.4,  218.1,  217.9,  219.3,  221.2,  223.7,  224.3,  224.2,  223.8,  223.2,  222.7,  222.2,  223.5,  222.8,  220.6,  218.2,  216.9,  217.6,  219.8,  -33.3,  -31.6,  -27.2,  -22.8,  -21.0,  -22.4,  -27.0,  -31.4,  -39.9,  -36.9,  -33.1,  -28.6,  -24.0,  -20.2,  -17.3,  -20.2,  -24.2,  -28.7,  -33.1,  -36.9,  -29.0,  -27.1,  -25.3,  -24.6,  -25.4,  -27.2,  -29.0,  -29.8,  25.2,  27.4,  31.8,  36.0,  37.3,  35.1,  30.6,  26.2,  22.3,  25.2,  29.0,  33.8,  38.2,  41.4,  43.5,  41.1,  37.9,  33.9,  29.5,  25.4,  29.1,  30.9,  32.8,  33.8,  33.2,  31.4,  29.5,  28.5,  -65.5,  -70.0,  -71.8,  -70.0,  -65.6,  -60.8,  -59.3,  -61.1,  -63.6,  -65.0,  -66.1,  -66.7,  -66.3,  -65.2,  -63.8,  -63.0,  -63.0,  -62.8,  -62.8,  -62.9,  -63.5,  -62.7,  -63.5,  -65.3,  -67.2,  -68.0,  -67.2,  -65.3,  -56.6,  -60.9,  -62.3,  -60.1,  -55.5,  -51.2,  -49.8,  -51.8,  -54.7,  -56.4,  -57.4,  -57.6,  -56.8,  -55.6,  -53.8,  -53.0,  -52.7,  -52.8,  -53.2,  -53.7,  -54.3,  -53.3,  -53.9,  -55.8,  -57.8,  -58.8,  -58.1,  -56.3,  512.0,  513.6,  514.2,  513.5,  511.8,  510.5,  509.7,  510.4,  516.3,  513.7,  511.5,  510.3,  510.4,  511.5,  512.8,  510.8,  509.3,  509.1,  510.5,  513.1,  512.1,  511.8,  512.0,  512.7,  513.4,  513.7,  513.4,  512.8,  478.7,  479.5,  480.4,  480.8,  480.4,  479.6,  478.7,  478.5,  478.9,  478.0,  477.6,  478.2,  480.4,  483.6,  486.7,  483.4,  480.3,  478.1,  477.3,  477.9,  479.8,  480.0,  480.4,  480.8,  480.9,  480.7,  480.4,  480.0,  -0.0,  -23.4,  490.8,  -0.108,  -0.002,  0.107,  286.0,  282.3,  281.1,  282.7,  288.3,  299.3,  313.0,  330.3,  350.7,  371.1,  389.1,  405.3,  419.0,  428.7,  434.6,  438.8,  441.7,  302.6,  311.2,  324.5,  338.3,  350.2,  385.5,  399.1,  411.9,  423.2,  429.5,  365.3,  364.3,  363.3,  362.1,  343.4,  351.6,  360.1,  369.2,  377.4,  314.0,  322.9,  332.4,  341.4,  332.0,  322.6,  386.1,  395.7,  405.4,  413.0,  405.4,  395.8,  326.3,  337.9,  349.4,  358.1,  367.8,  379.0,  387.6,  377.1,  365.7,  355.2,  345.8,  335.3,  331.5,  348.2,  357.2,  366.9,  382.9,  366.1,  356.1,  346.9,  215.6,  238.4,  262.5,  286.2,  307.4,  325.3,  338.6,  348.9,  354.1,  355.3,  349.8,  340.6,  325.9,  306.2,  282.9,  258.4,  235.3,  193.7,  182.0,  177.3,  179.2,  184.7,  186.3,  182.7,  183.7,  189.7,  201.3,  210.3,  222.5,  234.6,  247.3,  259.8,  263.1,  265.9,  264.7,  263.3,  215.3,  211.9,  212.4,  216.1,  217.9,  217.5,  220.0,  217.8,  218.9,  223.2,  224.4,  223.4,  292.4,  282.8,  279.6,  282.5,  281.9,  288.2,  298.9,  306.4,  308.4,  307.7,  305.9,  301.2,  292.3,  288.4,  289.8,  290.5,  298.1,  298.1,  297.7,  296.1,  -69.3,  -72.6,  -73.9,  -72.3,  -66.2,  -54.8,  -41.1,  -25.3,  -7.9,  9.5,  25.6,  41.0,  54.0,  63.3,  68.7,  72.7,  75.8,  -51.4,  -43.6,  -31.4,  -19.0,  -8.5,  22.0,  34.0,  45.5,  55.8,  61.7,  4.6,  3.6,  2.7,  1.7,  -13.9,  -7.0,  0.1,  7.6,  14.5,  -40.5,  -32.5,  -24.1,  -16.2,  -24.4,  -32.7,  22.6,  31.1,  39.6,  46.3,  39.4,  31.1,  -28.5,  -18.3,  -8.7,  -1.5,  6.4,  15.8,  23.4,  14.2,  4.6,  -3.9,  -11.6,  -20.4,  -24.0,  -9.7,  -2.3,  5.7,  19.3,  5.0,  -3.2,  -10.8,  -67.8,  -46.3,  -23.9,  -1.7,  18.0,  33.7,  44.3,  51.9,  55.9,  57.7,  54.4,  47.6,  34.7,  16.8,  -4.7,  -27.3,  -48.9,  -84.4,  -94.6,  -97.9,  -95.3,  -89.7,  -87.7,  -91.5,  -91.5,  -86.8,  -77.0,  -66.6,  -55.2,  -44.2,  -33.1,  -23.6,  -20.7,  -18.2,  -19.3,  -20.6,  -64.0,  -66.6,  -66.0,  -62.6,  -61.1,  -61.5,  -59.0,  -61.1,  -60.2,  -56.7,  -55.2,  -56.1,  3.7,  -4.3,  -6.9,  -4.5,  -5.0,  0.2,  9.2,  15.3,  16.7,  16.1,  14.6,  10.9,  3.6,  0.3,  1.5,  2.0,  8.5,  8.3,  8.0,  6.6,  544.4,  543.2,  544.4,  544.1,  536.8,  524.7,  509.1,  495.1,  491.6,  498.6,  512.0,  525.6,  532.5,  535.3,  535.3,  536.2,  539.7,  520.5,  519.1,  514.3,  509.0,  504.6,  501.2,  505.0,  509.7,  513.4,  516.0,  498.4,  489.8,  481.5,  473.1,  486.6,  483.4,  480.1,  482.2,  485.3,  511.8,  508.8,  507.7,  505.8,  506.3,  507.3,  504.7,  505.9,  506.3,  508.2,  504.8,  504.1,  492.2,  481.2,  477.3,  475.9,  477.2,  482.6,  492.7,  481.6,  475.7,  473.7,  474.5,  479.7,  489.1,  478.0,  476.8,  478.0,  489.7,  479.3,  477.9,  479.0,  1.159,  -0.118,  0.010,  0.107,  360.034,  260.724,  -29.850,  -0.719,  -16.794,  12.608,  -14.360,  -5.065,  2.308,  10.207,  -12.157,  -2.552,  -13.411,  -4.009,  5.652,  -3.079,  0.743,  2.885,  -9.611,  -2.534,  -7.494,  -2.490,  -0.806,  0.663,  3.718,  -2.753,  0.909,  0.168,  0.249,  0.172,  -0.453,  -0.033,  0.236,  0.016,  -0.125,  0.192, 1.16, 0.10, 0.40, 0.00, 0.50, 0.36, 0.01, 1.49, 0.92, 0.00, 0.13, 1.24, 0.19, 0.04, 0.00, 0.57, 1.10, 1.00, 0.00, 0.00, 0.00, 1.00, 1.00, 0.00, 1.00, 1.00, 0.00, 1.00, 1.00, 0.00, 1.00, 0.00, 0.00, 0.00, 1.00
17,  0,  0.640,  0.98,  1,  0.125667,  0.126857,  -0.983928,  -0.196304,  0.158090,  -0.967715,  -0.036,  0.145,  321.0,  323.0,  328.0,  333.1,  335.3,  333.6,  328.3,  323.2,  312.7,  316.2,  320.9,  326.3,  331.7,  336.0,  339.1,  335.9,  331.4,  326.1,  320.9,  316.3,  325.9,  328.1,  330.2,  331.1,  330.2,  328.0,  325.8,  324.9,  389.7,  392.6,  398.2,  403.4,  405.0,  402.2,  396.5,  390.9,  386.0,  389.9,  394.9,  400.9,  406.0,  409.6,  411.6,  409.2,  405.6,  400.9,  395.4,  390.0,  394.5,  396.8,  399.2,  400.4,  399.7,  397.5,  395.1,  393.8,  216.8,  211.7,  209.6,  211.7,  216.8,  222.4,  224.0,  221.9,  219.0,  217.2,  215.9,  215.2,  215.9,  217.6,  219.7,  220.3,  220.0,  220.0,  219.9,  219.8,  219.2,  220.2,  219.3,  217.1,  214.9,  214.0,  214.9,  217.1,  221.3,  216.0,  214.5,  217.6,  223.5,  228.8,  230.4,  227.6,  224.0,  221.6,  220.2,  220.0,  221.4,  223.5,  226.2,  226.9,  226.8,  226.4,  225.8,  225.2,  224.7,  226.0,  225.3,  223.1,  220.5,  219.2,  219.8,  222.1,  -33.1,  -31.5,  -27.3,  -22.9,  -21.0,  -22.4,  -26.9,  -31.2,  -40.5,  -37.3,  -33.1,  -28.5,  -24.0,  -20.4,  -17.8,  -20.5,  -24.3,  -28.6,  -33.1,  -37.2,  -29.0,  -27.1,  -25.3,  -24.6,  -25.4,  -27.3,  -29.1,  -29.8,  23.2,  25.4,  29.9,  34.0,  35.3,  33.0,  28.5,  24.0,  20.2,  23.3,  27.2,  31.9,  36.1,  39.1,  41.0,  38.8,  35.7,  31.9,  27.5,  23.4,  27.0,  28.7,  30.7,  31.7,  31.1,  29.4,  27.4,  26.5,  -60.4,  -64.9,  -66.8,  -65.0,  -60.6,  -55.8,  -54.2,  -56.0,  -59.0,  -60.2,  -61.2,  -61.6,  -61.1,  -59.9,  -58.3,  -57.6,  -57.6,  -57.5,  -57.6,  -58.0,  -58.4,  -57.7,  -58.5,  -60.4,  -62.3,  -63.1,  -62.3,  -60.3,  -51.9,  -56.2,  -57.5,  -55.2,  -50.5,  -46.3,  -44.9,  -47.0,  -49.9,  -51.6,  -52.7,  -53.0,  -52.1,  -50.9,  -49.1,  -48.2,  -47.9,  -48.0,  -48.4,  -48.9,  -49.5,  -48.5,  -49.1,  -50.9,  -52.9,  -53.9,  -53.3,  -51.5,  493.2,  494.5,  495.5,  495.5,  494.7,  493.6,  492.4,  492.4,  497.3,  494.9,  492.8,  492.0,  492.7,  494.3,  496.1,  494.0,  492.1,  491.4,  492.3,  494.4,  494.1,  494.1,  494.5,  495.1,  495.5,  495.4,  495.0,  494.4,  452.8,  453.8,  455.0,  455.6,  455.3,  454.3,  453.1,  452.7,  452.9,  452.2,  452.0,  452.9,  455.3,  458.6,  461.7,  458.4,  455.1,  452.8,  451.8,  452.1,  454.2,  454.5,  454.9,  455.4,  455.5,  455.2,  454.8,  454.3,  -0.9,  -21.3,  491.3,  -0.093,  0.019,  0.100,  284.2,  281.0,  280.4,  282.4,  288.3,  299.5,  313.3,  330.7,  351.0,  371.6,  389.9,  406.5,  420.1,  429.5,  434.9,  438.9,  441.6,  300.5,  309.2,  322.4,  336.1,  348.2,  384.7,  398.1,  410.9,  422.7,  429.6,  364.5,  363.4,  362.3,  361.0,  342.6,  350.7,  359.0,  368.1,  376.3,  312.4,  321.4,  331.2,  340.2,  330.6,  320.9,  385.2,  395.1,  405.2,  413.0,  405.2,  395.3,  324.8,  336.7,  348.3,  356.3,  365.0,  376.5,  386.8,  374.6,  362.7,  353.2,  344.6,  334.1,  329.9,  347.1,  355.4,  364.1,  381.8,  363.3,  354.4,  346.0,  218.7,  241.3,  265.1,  288.5,  309.6,  327.5,  340.5,  350.2,  355.1,  355.9,  350.8,  341.7,  327.1,  307.3,  283.9,  259.1,  235.5,  197.6,  185.9,  181.2,  183.3,  188.7,  190.0,  185.7,  185.9,  191.2,  202.7,  213.2,  226.0,  238.8,  252.2,  263.7,  267.1,  269.9,  268.6,  267.0,  218.6,  215.1,  215.6,  219.4,  221.4,  221.1,  222.8,  220.0,  221.0,  225.4,  227.1,  226.2,  294.6,  286.4,  283.3,  286.2,  285.4,  291.6,  301.4,  307.8,  308.7,  307.8,  306.2,  302.2,  294.7,  292.1,  293.5,  294.1,  300.7,  298.4,  297.8,  296.4,  -71.5,  -74.3,  -74.9,  -72.9,  -66.6,  -55.0,  -41.2,  -25.1,  -7.6,  9.9,  26.4,  42.2,  55.3,  64.2,  69.1,  72.7,  75.6,  -53.3,  -45.4,  -33.3,  -20.9,  -10.3,  21.2,  32.9,  44.5,  55.1,  61.5,  3.8,  2.9,  1.9,  0.8,  -14.6,  -7.7,  -0.8,  6.8,  13.6,  -42.0,  -33.8,  -25.2,  -17.2,  -25.6,  -34.2,  21.9,  30.5,  39.3,  46.2,  39.2,  30.6,  -30.0,  -19.4,  -9.6,  -3.1,  4.1,  13.7,  22.8,  12.1,  2.2,  -5.6,  -12.6,  -21.4,  -25.5,  -10.7,  -3.8,  3.4,  18.5,  2.7,  -4.6,  -11.6,  -65.3,  -43.9,  -21.6,  0.4,  20.1,  35.9,  46.3,  53.3,  57.0,  58.4,  55.6,  48.8,  35.9,  17.8,  -3.8,  -26.6,  -48.6,  -81.0,  -91.2,  -94.5,  -91.7,  -86.1,  -84.2,  -88.5,  -89.1,  -85.1,  -75.4,  -64.1,  -52.2,  -40.7,  -29.1,  -20.4,  -17.4,  -14.9,  -16.1,  -17.5,  -61.3,  -64.0,  -63.3,  -59.7,  -58.0,  -58.5,  -56.6,  -59.0,  -58.2,  -54.6,  -52.8,  -53.5,  5.6,  -1.3,  -3.9,  -1.5,  -2.1,  3.0,  11.4,  16.4,  16.9,  16.2,  14.8,  11.8,  5.7,  3.4,  4.6,  5.0,  10.7,  8.6,  8.1,  7.0,  547.9,  546.4,  547.2,  546.4,  539.8,  528.3,  512.7,  497.9,  493.8,  499.9,  513.9,  527.7,  534.6,  536.6,  536.0,  535.9,  538.6,  520.7,  519.3,  514.5,  509.0,  503.9,  499.6,  503.2,  507.3,  511.1,  513.6,  497.5,  489.2,  481.2,  473.2,  487.1,  483.9,  480.5,  482.5,  485.4,  512.9,  509.8,  508.4,  505.7,  506.5,  507.8,  503.9,  505.0,  505.4,  507.0,  503.7,  503.2,  495.7,  483.8,  478.6,  477.3,  478.1,  483.7,  494.3,  481.4,  475.1,  473.6,  474.7,  481.5,  492.2,  479.4,  478.1,  478.9,  491.1,  479.1,  478.0,  479.4,  1.157,  -0.099,  0.035,  0.101,  359.048,  263.234,  -23.486,  -0.948,  -19.286,  8.120,  -13.207,  -1.078,  -1.466,  8.584,  -14.060,  -3.897,  -13.192,  -2.514,  5.286,  -4.260,  0.047,  3.722,  -6.081,  0.041,  -8.107,  -0.738,  -2.389,  -0.495,  5.759,  -1.958,  0.576,  0.621,  -0.057,  0.205,  -0.354,  -0.017,  0.205,  -0.120,  -0.185,  0.144, 1.02, 0.10, 0.40, 0.00, 0.41, 0.38, 0.01, 1.29, 0.81, 0.00, 0.20, 1.59, 0.19, 0.08, 0.00, 0.33, 0.72, 1.00, 1.00, 0.00, 0.00, 1.00, 1.00, 0.00, 1.00, 1.00, 0.00, 1.00, 1.00, 0.00, 1.00, 0.00, 0.00, 0.00, 1.00
18,  0,  0.680,  0.98,  1,  0.087181,  0.140265,  -0.986268,  -0.224713,  0.183610,  -0.956970,  -0.071,  0.165,  319.6,  321.7,  326.8,  332.1,  334.4,  332.7,  327.2,  321.9,  311.9,  315.4,  320.1,  325.6,  331.2,  335.8,  339.3,  335.8,  330.9,  325.5,  320.1,  315.4,  324.8,  327.1,  329.3,  330.1,  329.2,  326.9,  324.7,  323.9,  388.5,  391.3,  396.9,  402.1,  403.8,  401.0,  395.4,  389.7,  385.2,  389.1,  394.0,  400.0,  405.2,  409.1,  411.5,  408.7,  404.8,  399.9,  394.4,  389.0,  393.4,  395.7,  398.1,  399.4,  398.6,  396.3,  393.9,  392.7,  220.6,  215.3,  213.0,  215.0,  220.3,  226.0,  227.9,  225.8,  222.8,  221.0,  219.6,  218.9,  219.6,  221.2,  223.1,  223.9,  223.9,  224.0,  224.0,  223.7,  223.0,  223.8,  222.8,  220.6,  218.4,  217.5,  218.5,  220.7,  225.0,  219.7,  217.9,  220.8,  226.6,  231.9,  233.6,  231.2,  226.5,  224.4,  223.2,  223.1,  224.4,  226.2,  228.7,  230.0,  230.4,  230.2,  229.4,  228.4,  228.0,  229.3,  228.5,  226.2,  223.7,  222.4,  223.2,  225.5,  -33.2,  -31.5,  -27.3,  -22.9,  -21.0,  -22.4,  -26.9,  -31.3,  -39.9,  -36.8,  -32.8,  -28.2,  -23.6,  -19.9,  -17.1,  -19.8,  -23.8,  -28.2,  -32.7,  -36.8,  -28.9,  -27.1,  -25.3,  -24.6,  -25.4,  -27.2,  -29.0,  -29.7,  22.3,  24.5,  29.0,  33.1,  34.5,  32.2,  27.8,  23.3,  19.7,  22.8,  26.6,  31.3,  35.6,  38.9,  41.1,  38.6,  35.2,  31.3,  26.9,  22.7,  26.3,  28.1,  30.0,  31.0,  30.4,  28.6,  26.7,  25.7,  -55.3,  -59.8,  -61.8,  -60.0,  -55.6,  -50.8,  -49.2,  -51.0,  -54.1,  -55.2,  -56.1,  -56.5,  -56.0,  -54.9,  -53.5,  -52.6,  -52.5,  -52.4,  -52.4,  -52.9,  -53.5,  -52.7,  -53.6,  -55.5,  -57.3,  -58.1,  -57.2,  -55.3,  -49.4,  -53.7,  -55.1,  -52.9,  -48.3,  -44.1,  -42.7,  -44.6,  -48.3,  -49.8,  -50.7,  -50.8,  -50.0,  -48.9,  -47.3,  -45.9,  -45.3,  -45.3,  -45.8,  -46.7,  -47.1,  -46.2,  -46.8,  -48.7,  -50.7,  -51.6,  -51.0,  -49.1,  477.3,  478.2,  478.5,  478.2,  477.4,  476.8,  476.2,  476.5,  482.0,  479.3,  476.9,  475.6,  476.0,  477.5,  479.1,  477.2,  475.6,  475.2,  476.4,  478.9,  477.8,  477.7,  477.9,  478.2,  478.6,  478.7,  478.5,  478.2,  455.9,  456.4,  456.9,  457.3,  457.2,  456.7,  456.2,  456.1,  456.3,  455.2,  454.6,  455.2,  457.3,  460.4,  463.6,  460.4,  457.3,  455.2,  454.5,  455.2,  457.1,  457.2,  457.5,  457.7,  457.7,  457.6,  457.3,  457.1,  -1.6,  -18.2,  491.7,  -0.064,  0.031,  0.096,  282.9,  280.0,  279.6,  281.7,  287.6,  298.9,  312.9,  330.6,  351.3,  372.2,  390.8,  407.4,  420.7,  429.8,  434.9,  438.8,  441.5,  299.4,  308.1,  321.1,  334.6,  346.7,  383.9,  397.4,  410.3,  422.0,  429.0,  363.3,  362.2,  361.0,  359.6,  341.5,  349.5,  357.8,  366.9,  375.1,  311.7,  320.7,  330.6,  339.6,  329.9,  320.2,  384.2,  394.2,  404.4,  412.3,  404.5,  394.5,  323.2,  334.9,  346.3,  354.8,  364.4,  376.1,  386.5,  374.2,  362.0,  351.7,  342.6,  332.3,  328.1,  345.0,  353.9,  363.5,  381.5,  362.7,  353.0,  344.0,  221.5,  243.9,  267.2,  290.4,  311.5,  330.0,  343.6,  353.8,  358.6,  359.0,  353.5,  343.7,  328.6,  308.7,  285.3,  260.4,  236.4,  201.9,  190.3,  185.8,  187.8,  192.8,  193.8,  189.6,  189.8,  195.2,  206.7,  216.9,  230.4,  243.7,  257.7,  268.4,  271.8,  274.8,  273.4,  271.8,  222.2,  218.6,  219.1,  223.1,  225.2,  224.8,  226.2,  223.1,  224.0,  228.4,  230.4,  229.5,  298.1,  290.4,  287.8,  290.7,  289.9,  295.7,  304.7,  311.1,  312.0,  311.3,  309.5,  305.5,  298.2,  296.3,  297.9,  298.3,  304.1,  301.8,  301.4,  299.9,  -72.8,  -75.4,  -75.9,  -73.8,  -67.5,  -55.8,  -41.7,  -25.3,  -7.4,  10.5,  27.4,  43.2,  56.0,  64.6,  69.1,  72.6,  75.4,  -54.2,  -46.1,  -34.3,  -22.1,  -11.4,  20.4,  32.1,  43.6,  54.1,  60.6,  2.9,  1.8,  0.8,  -0.4,  -15.6,  -8.7,  -1.8,  5.7,  12.6,  -42.5,  -34.3,  -25.6,  -17.7,  -26.1,  -34.7,  20.9,  29.6,  38.4,  45.4,  38.4,  29.7,  -31.5,  -20.9,  -11.3,  -4.3,  3.6,  13.4,  22.6,  11.8,  1.7,  -6.7,  -14.2,  -23.0,  -27.1,  -12.4,  -5.0,  2.9,  18.2,  2.2,  -5.8,  -13.2,  -62.8,  -41.6,  -19.6,  2.3,  21.9,  38.3,  49.3,  56.5,  60.2,  61.3,  58.2,  50.8,  37.5,  19.2,  -2.5,  -25.4,  -47.7,  -77.0,  -86.9,  -90.1,  -87.3,  -82.1,  -80.5,  -84.6,  -85.1,  -81.0,  -71.4,  -60.6,  -48.4,  -36.6,  -24.7,  -16.5,  -13.5,  -10.9,  -12.1,  -13.5,  -58.0,  -60.7,  -60.1,  -56.3,  -54.6,  -55.1,  -53.4,  -56.1,  -55.4,  -51.7,  -49.7,  -50.4,  8.6,  2.0,  -0.2,  2.2,  1.6,  6.4,  14.2,  19.1,  19.7,  19.0,  17.6,  14.5,  8.7,  6.9,  8.2,  8.5,  13.6,  11.4,  11.0,  9.8,  549.0,  547.7,  548.8,  548.2,  541.9,  530.7,  514.5,  499.3,  495.7,  502.2,  516.7,  529.9,  536.3,  537.9,  536.5,  535.4,  537.5,  519.4,  517.3,  512.2,  506.6,  501.3,  496.5,  499.8,  503.8,  507.4,  510.2,  495.6,  487.8,  480.0,  472.6,  487.4,  484.2,  480.7,  482.6,  485.1,  511.7,  508.5,  507.2,  504.6,  505.3,  506.7,  502.0,  502.7,  503.0,  504.6,  501.5,  501.1,  497.1,  484.8,  479.7,  478.0,  478.7,  484.2,  494.6,  481.9,  475.6,  474.2,  475.7,  482.7,  493.6,  480.5,  479.0,  479.6,  491.4,  479.5,  478.5,  480.3,  1.157,  -0.064,  0.050,  0.096,  358.216,  266.736,  -19.941,  -0.759,  -19.020,  4.515,  -13.800,  1.124,  -2.311,  6.845,  -14.306,  -3.761,  -13.717,  -4.586,  5.939,  -3.296,  -0.045,  4.227,  -4.883,  2.145,  -7.515,  -2.352,  -2.950,  0.090,  4.836,  -2.225,  0.667,  0.403,  0.491,  -0.057,  -0.227,  0.101,  0.278,  0.111,  -0.065,  0.042, 0.83, 0.22, 0.30, 0.00, 0.36, 0.40, 0.00, 1.19, 0.80, 0.04, 0.30, 1.58, 0.05, 0.10, 0.00, 0.02, 0.62, 1.00, 1.00, 0.00, 0.00, 1.00, 1.00, 0.00, 1.00, 1.00, 0.00, 1.00, 1.00, 0.00, 1.00, 0.00, 0.00, 0.00, 1.00
19,  0,  0.720,  0.98,  1,  0.076783,  0.160989,  -0.983965,  -0.200214,  0.154771,  -0.967450,  -0.063,  0.160,  318.6,  320.8,  326.2,  331.6,  333.9,  332.2,  326.4,  321.0,  311.5,  314.7,  319.2,  324.9,  330.8,  335.9,  339.7,  335.9,  330.5,  324.6,  319.2,  314.6,  324.2,  326.4,  328.7,  329.6,  328.6,  326.4,  324.1,  323.2,  388.4,  390.7,  396.0,  401.2,  403.4,  401.1,  395.8,  390.1,  384.9,  388.6,  393.4,  399.4,  404.5,  408.0,  409.9,  407.8,  404.4,  399.9,  394.5,  389.1,  393.4,  395.6,  397.8,  398.7,  397.8,  395.7,  393.5,  392.5,  224.8,  219.2,  216.7,  218.8,  224.3,  230.3,  232.4,  230.2,  226.6,  224.9,  223.6,  222.9,  223.5,  224.9,  226.5,  227.8,  228.0,  228.2,  228.3,  227.9,  227.1,  228.0,  226.9,  224.6,  222.3,  221.4,  222.5,  224.8,  228.2,  222.8,  220.8,  223.4,  229.2,  234.6,  236.5,  234.3,  231.4,  228.2,  226.0,  225.3,  226.7,  229.0,  232.3,  233.8,  234.3,  234.3,  233.8,  233.1,  231.1,  232.2,  231.3,  229.1,  226.7,  225.6,  226.4,  228.7,  -32.6,  -30.9,  -26.7,  -22.3,  -20.5,  -21.8,  -26.4,  -30.7,  -38.7,  -35.9,  -32.1,  -27.5,  -22.9,  -19.0,  -16.0,  -18.9,  -23.1,  -27.7,  -32.1,  -35.9,  -28.2,  -26.4,  -24.7,  -24.0,  -24.7,  -26.5,  -28.3,  -29.0,  21.7,  23.5,  27.6,  31.7,  33.3,  31.5,  27.3,  22.9,  19.0,  21.8,  25.5,  30.1,  34.2,  37.1,  38.9,  37.0,  34.1,  30.5,  26.3,  22.1,  25.6,  27.3,  29.0,  29.7,  29.1,  27.4,  25.7,  24.9,  -49.8,  -54.3,  -56.2,  -54.4,  -50.0,  -45.3,  -43.7,  -45.4,  -48.9,  -49.9,  -50.7,  -51.0,  -50.6,  -49.6,  -48.5,  -47.3,  -47.0,  -46.9,  -47.0,  -47.6,  -48.0,  -47.3,  -48.1,  -49.9,  -51.8,  -52.5,  -51.7,  -49.8,  -45.6,  -49.9,  -51.6,  -49.6,  -45.2,  -40.9,  -39.3,  -40.9,  -43.1,  -45.6,  -47.2,  -47.9,  -47.1,  -45.7,  -43.4,  -41.9,  -41.2,  -41.0,  -41.3,  -41.8,  -43.6,  -42.8,  -43.5,  -45.3,  -47.1,  -47.9,  -47.2,  -45.4,  457.9,  458.2,  458.0,  457.3,  456.5,  456.4,  456.4,  457.1,  463.4,  460.2,  457.4,  455.6,  455.6,  456.7,  458.2,  456.5,  455.3,  455.4,  457.1,  460.0,  458.0,  457.7,  457.6,  457.8,  458.1,  458.3,  458.4,  458.3,  443.7,  444.8,  446.2,  447.0,  446.6,  445.5,  444.1,  443.5,  443.3,  442.9,  442.9,  444.1,  446.8,  450.1,  453.2,  449.7,  446.3,  443.7,  442.5,  442.7,  445.2,  445.5,  446.0,  446.5,  446.7,  446.4,  445.8,  445.3,  -1.5,  -14.5,  493.2,  -0.028,  0.023,  0.083,  281.9,  279.1,  278.9,  281.3,  287.4,  298.9,  313.3,  331.4,  352.3,  373.1,  391.6,  408.0,  421.2,  430.0,  434.7,  438.3,  440.7,  298.4,  307.1,  320.1,  333.7,  345.9,  382.7,  396.2,  409.1,  421.0,  428.2,  362.6,  361.7,  360.7,  359.5,  341.7,  349.8,  358.0,  367.0,  375.1,  311.1,  320.2,  330.3,  339.2,  329.6,  319.7,  383.6,  393.6,  403.9,  411.8,  404.1,  394.0,  323.6,  335.7,  347.6,  355.8,  364.8,  376.9,  387.8,  375.4,  363.1,  353.3,  344.4,  333.5,  328.7,  346.5,  355.0,  364.1,  382.8,  363.4,  354.2,  345.6,  224.5,  247.1,  270.5,  293.6,  314.8,  333.4,  347.4,  358.2,  362.8,  362.8,  356.3,  345.8,  330.3,  310.3,  287.0,  262.5,  238.6,  205.6,  194.4,  190.2,  192.3,  197.6,  198.6,  194.0,  193.8,  198.6,  209.7,  221.4,  235.2,  248.8,  263.0,  273.6,  277.0,  280.0,  278.4,  276.5,  226.1,  222.3,  222.8,  227.4,  229.4,  229.1,  230.1,  226.4,  227.1,  231.7,  234.0,  233.3,  302.9,  295.8,  293.2,  296.0,  295.0,  300.2,  308.5,  316.9,  318.8,  318.3,  316.8,  312.2,  303.2,  302.0,  303.4,  303.6,  308.3,  307.9,  307.6,  306.2,  -73.4,  -76.0,  -76.4,  -74.2,  -67.8,  -56.0,  -41.6,  -24.8,  -6.6,  11.4,  28.3,  44.0,  56.8,  65.0,  69.2,  72.2,  74.5,  -54.8,  -46.8,  -35.0,  -22.8,  -12.1,  19.4,  31.0,  42.5,  53.1,  59.7,  2.2,  1.4,  0.6,  -0.4,  -15.4,  -8.5,  -1.6,  5.8,  12.6,  -43.0,  -34.7,  -25.9,  -18.0,  -26.4,  -35.1,  20.4,  29.0,  37.9,  45.0,  38.0,  29.3,  -31.3,  -20.3,  -10.3,  -3.5,  4.0,  14.1,  23.8,  12.8,  2.5,  -5.5,  -12.8,  -22.2,  -26.7,  -11.2,  -4.1,  3.4,  19.3,  2.8,  -4.8,  -12.0,  -59.7,  -38.4,  -16.5,  5.3,  25.1,  41.6,  53.0,  60.8,  64.4,  65.2,  61.2,  53.0,  39.3,  20.7,  -0.9,  -23.5,  -45.6,  -73.3,  -82.9,  -85.8,  -83.0,  -77.7,  -76.1,  -80.6,  -81.4,  -77.8,  -68.6,  -56.7,  -44.3,  -32.4,  -20.3,  -12.1,  -9.1,  -6.6,  -8.0,  -9.6,  -54.4,  -57.4,  -56.7,  -52.5,  -50.8,  -51.3,  -50.0,  -53.2,  -52.6,  -48.8,  -46.6,  -47.1,  12.8,  6.5,  4.3,  6.6,  5.8,  10.2,  17.5,  24.1,  25.3,  24.9,  23.7,  20.2,  13.0,  11.6,  12.7,  12.9,  17.2,  16.5,  16.2,  15.1,  546.3,  545.9,  547.8,  548.1,  543.1,  533.0,  518.0,  503.5,  500.0,  506.5,  520.7,  533.5,  539.4,  540.2,  537.9,  535.8,  536.8,  517.1,  514.6,  509.6,  504.3,  499.5,  495.1,  498.3,  502.3,  506.0,  508.9,  494.7,  487.5,  480.3,  473.3,  487.8,  485.0,  481.9,  483.9,  486.6,  510.6,  507.4,  506.0,  503.8,  504.5,  505.8,  501.7,  502.2,  502.5,  504.3,  501.3,  500.8,  499.6,  486.7,  481.1,  479.8,  480.4,  486.3,  497.3,  485.0,  478.6,  477.3,  478.5,  485.4,  496.3,  482.5,  481.2,  481.8,  494.2,  481.9,  480.9,  482.4,  1.156,  -0.019,  0.040,  0.083,  358.290,  271.043,  -23.297,  -1.770,  -17.739,  4.327,  -13.635,  -0.036,  -2.185,  7.766,  -13.276,  -3.339,  -12.724,  -4.232,  5.631,  -4.166,  -0.139,  4.367,  -4.044,  1.535,  -6.159,  -1.072,  -1.496,  -0.749,  4.114,  -0.891,  0.792,  0.924,  -0.363,  0.023,  -0.370,  -0.122,  0.125,  0.056,  -0.189,  0.121, 0.71, 0.34, 0.19, 0.00, 0.34, 0.32, 0.00, 1.19, 0.84, 0.10, 0.28, 1.32, 0.00, 0.07, 0.00, 0.00, 0.40, 0.00, 1.00, 0.00, 0.00, 1.00, 1.00, 0.00, 1.00, 1.00, 0.00, 1.00, 1.00, 0.00, 1.00, 0.00, 0.00, 0.00, 1.00
20,  0,  0.760,  0.98,  1,  0.113906,  0.163827,  -0.979891,  -0.146336,  0.148546,  -0.978018,  -0.017,  0.158,  318.9,  321.1,  326.3,  331.5,  333.5,  331.7,  326.1,  321.0,  311.8,  314.7,  319.0,  324.4,  330.1,  334.8,  338.4,  334.6,  329.4,  323.9,  318.9,  314.7,  324.1,  326.3,  328.5,  329.5,  328.6,  326.4,  324.1,  323.2,  389.3,  391.2,  396.9,  403.1,  406.1,  404.1,  398.4,  391.8,  385.3,  389.1,  394.2,  400.3,  405.6,  409.5,  412.1,  409.7,  406.1,  401.3,  395.5,  389.8,  394.7,  397.7,  400.6,  401.5,  400.0,  397.0,  394.2,  393.2,  228.3,  223.0,  220.8,  222.9,  228.2,  234.0,  235.8,  233.6,  230.6,  228.7,  227.3,  226.6,  227.3,  228.9,  231.0,  231.9,  231.9,  232.0,  232.0,  231.7,  230.8,  231.7,  230.7,  228.5,  226.2,  225.3,  226.2,  228.5,  231.6,  226.0,  223.9,  226.5,  232.3,  237.9,  240.1,  238.0,  234.9,  231.6,  229.6,  229.2,  230.6,  233.0,  236.2,  237.4,  237.5,  237.3,  236.9,  236.3,  235.2,  236.5,  235.5,  232.7,  229.8,  228.5,  229.5,  232.3,  -33.6,  -31.8,  -27.6,  -23.3,  -21.6,  -23.0,  -27.6,  -31.9,  -39.9,  -37.2,  -33.5,  -29.0,  -24.3,  -20.5,  -17.7,  -20.7,  -24.8,  -29.3,  -33.6,  -37.2,  -29.4,  -27.5,  -25.7,  -25.0,  -25.7,  -27.5,  -29.4,  -30.1,  20.9,  22.4,  26.6,  31.1,  33.2,  31.6,  27.4,  22.6,  18.0,  20.7,  24.4,  28.8,  32.8,  35.8,  37.9,  35.9,  33.0,  29.4,  25.2,  21.2,  24.8,  27.0,  29.1,  29.9,  28.8,  26.6,  24.5,  23.8,  -48.8,  -53.2,  -55.0,  -53.1,  -48.7,  -44.0,  -42.5,  -44.4,  -47.5,  -48.7,  -49.6,  -50.0,  -49.4,  -48.1,  -46.6,  -45.7,  -45.6,  -45.5,  -45.7,  -46.3,  -46.8,  -46.0,  -46.8,  -48.7,  -50.5,  -51.3,  -50.6,  -48.7,  -40.2,  -44.5,  -46.2,  -44.4,  -40.1,  -35.8,  -34.1,  -35.6,  -37.9,  -40.2,  -41.6,  -42.0,  -41.3,  -39.8,  -37.7,  -36.6,  -36.1,  -36.1,  -36.3,  -36.7,  -37.7,  -36.8,  -37.7,  -39.8,  -41.9,  -42.8,  -42.0,  -39.9,  475.2,  475.7,  475.5,  474.7,  473.8,  473.5,  473.5,  474.3,  480.7,  477.5,  474.6,  472.8,  472.6,  473.6,  474.9,  473.4,  472.3,  472.6,  474.4,  477.3,  475.2,  474.9,  474.8,  475.0,  475.4,  475.7,  475.8,  475.6,  414.7,  417.0,  419.0,  419.5,  418.2,  415.9,  413.9,  413.4,  414.1,  414.2,  414.6,  415.7,  417.7,  420.4,  422.8,  419.5,  416.3,  413.8,  412.9,  413.2,  415.7,  415.9,  416.9,  418.1,  418.7,  418.5,  417.5,  416.3,  -1.3,  -10.9,  492.3,  0.001,  0.022,  0.077,  281.4,  278.9,  278.8,  281.2,  287.4,  299.1,  313.7,  331.9,  353.1,  374.3,  392.8,  409.1,  422.0,  430.5,  434.9,  438.2,  440.3,  297.6,  306.5,  319.7,  333.6,  346.1,  383.2,  396.6,  409.5,  421.3,  428.5,  363.2,  362.3,  361.3,  360.2,  341.7,  350.0,  358.6,  367.8,  376.0,  310.3,  319.6,  329.8,  338.9,  329.1,  319.1,  384.6,  394.6,  405.1,  413.0,  405.2,  395.1,  322.5,  334.7,  347.2,  356.0,  365.8,  378.4,  389.3,  376.8,  363.9,  353.2,  343.7,  332.2,  327.6,  346.1,  355.3,  365.1,  384.2,  364.3,  354.3,  344.9,  227.2,  250.2,  273.8,  297.1,  318.7,  337.6,  352.0,  362.9,  367.4,  366.8,  359.2,  347.7,  331.8,  311.7,  288.9,  264.6,  241.0,  209.9,  198.5,  194.3,  196.5,  202.0,  203.0,  198.0,  197.5,  201.9,  212.6,  225.5,  239.6,  253.6,  268.2,  278.1,  281.6,  284.8,  283.0,  281.0,  230.0,  226.2,  226.7,  231.4,  233.3,  232.9,  233.9,  230.1,  230.7,  235.2,  237.5,  236.9,  307.3,  300.1,  297.6,  300.6,  299.5,  304.7,  313.0,  322.9,  325.7,  325.4,  323.7,  318.3,  307.9,  306.4,  307.9,  308.1,  313.0,  314.6,  314.5,  313.0,  -73.2,  -75.7,  -76.2,  -74.1,  -67.7,  -55.9,  -41.3,  -24.3,  -5.9,  12.5,  29.4,  45.0,  57.4,  65.2,  68.9,  71.7,  73.7,  -55.0,  -47.0,  -35.0,  -22.7,  -11.9,  19.6,  31.2,  42.4,  53.0,  59.6,  2.7,  1.9,  1.1,  0.1,  -15.3,  -8.3,  -1.2,  6.4,  13.4,  -43.3,  -35.0,  -26.1,  -18.2,  -26.6,  -35.3,  21.1,  29.8,  38.7,  45.7,  38.8,  30.0,  -32.2,  -21.1,  -10.6,  -3.3,  4.8,  15.4,  25.0,  14.0,  3.2,  -5.6,  -13.5,  -23.3,  -27.6,  -11.5,  -3.9,  4.2,  20.6,  3.6,  -4.8,  -12.5,  -56.6,  -35.2,  -13.3,  8.5,  28.7,  45.5,  57.1,  64.9,  68.4,  68.7,  63.7,  54.8,  40.5,  21.9,  0.8,  -21.4,  -43.1,  -68.9,  -78.6,  -81.4,  -78.7,  -73.3,  -72.0,  -76.6,  -77.6,  -74.4,  -65.5,  -52.8,  -40.3,  -28.3,  -16.1,  -8.3,  -5.3,  -2.6,  -4.1,  -5.9,  -50.6,  -53.6,  -53.0,  -48.7,  -47.2,  -47.7,  -46.4,  -49.8,  -49.3,  -45.6,  -43.3,  -43.8,  16.6,  10.1,  8.0,  10.4,  9.5,  13.9,  21.4,  29.2,  31.1,  30.8,  29.4,  25.3,  17.0,  15.3,  16.5,  16.7,  21.3,  22.1,  21.9,  20.7,  541.8,  542.1,  545.0,  546.4,  542.3,  532.8,  518.2,  503.9,  500.2,  506.8,  520.6,  532.9,  538.0,  538.0,  534.8,  532.7,  533.6,  512.8,  510.1,  505.2,  500.0,  495.5,  492.3,  495.0,  498.7,  502.2,  505.1,  491.3,  484.5,  477.9,  471.4,  486.2,  483.4,  480.4,  482.3,  484.8,  506.8,  503.6,  502.5,  500.3,  501.1,  502.3,  498.8,  499.2,  499.7,  501.4,  498.6,  498.1,  499.3,  486.2,  480.1,  478.7,  479.6,  485.9,  497.1,  485.8,  479.3,  477.8,  479.0,  485.9,  496.2,  481.7,  480.4,  481.2,  494.3,  482.2,  481.1,  482.6,  1.160,  0.017,  0.038,  0.076,  358.545,  275.254,  -28.705,  -0.233,  -14.234,  3.199,  -12.963,  -1.899,  -4.192,  7.475,  -12.118,  -1.785,  -10.734,  -3.883,  7.194,  -2.150,  -1.558,  5.029,  -4.013,  2.561,  -6.714,  -0.750,  -1.498,  -0.171,  4.196,  -1.422,  1.279,  0.568,  -0.004,  -0.077,  -0.283,  0.005,  0.251,  0.026,  -0.124,  0.154, 0.60, 0.37, 0.19, 0.00, 0.44, 0.62, 0.00, 1.30, 0.92, 0.10, 0.28, 0.94, 0.00, 0.02, 0.00, 0.01, 0.29, 0.00, 1.00, 0.00, 0.00, 1.00, 1.00, 0.00, 1.00, 1.00, 0.00, 0.00, 1.00, 0.00, 1.00, 0.00, 0.00, 0.00, 1.00
21,  0,  0.800,  0.98,  1,  0.146699,  0.181289,  -0.972427,  -0.208214,  0.202303,  -0.956933,  -0.032,  0.196,  319.3,  321.2,  326.2,  331.2,  333.4,  331.7,  326.5,  321.4,  311.2,  314.5,  319.0,  324.3,  329.7,  334.0,  337.0,  333.9,  329.3,  324.2,  319.1,  314.6,  324.1,  326.3,  328.4,  329.3,  328.3,  326.1,  324.0,  323.2,  388.8,  391.1,  396.9,  402.6,  405.0,  402.6,  396.9,  390.6,  385.5,  389.5,  394.8,  400.9,  405.9,  409.3,  411.2,  409.2,  405.9,  401.4,  395.6,  389.8,  394.1,  396.5,  398.9,  399.9,  398.9,  396.5,  394.1,  393.1,  232.1,  227.0,  224.9,  226.9,  232.0,  237.5,  239.3,  237.2,  234.4,  232.5,  231.0,  230.2,  230.7,  232.1,  234.2,  235.4,  235.7,  236.0,  236.0,  235.6,  234.5,  235.4,  234.4,  232.2,  230.0,  229.1,  230.1,  232.3,  235.4,  229.5,  227.4,  230.3,  236.5,  242.3,  244.4,  242.0,  237.7,  234.9,  233.2,  233.0,  234.4,  236.6,  239.6,  240.7,  241.0,  240.7,  240.1,  239.3,  238.6,  239.8,  238.9,  236.4,  233.8,  232.6,  233.5,  236.0,  -34.8,  -33.2,  -29.0,  -24.7,  -22.8,  -24.2,  -28.7,  -32.9,  -42.1,  -39.0,  -35.0,  -30.4,  -25.8,  -22.3,  -19.7,  -22.4,  -26.2,  -30.5,  -34.9,  -38.9,  -30.7,  -28.9,  -27.1,  -26.4,  -27.2,  -29.0,  -30.9,  -31.6,  20.9,  22.7,  27.0,  31.3,  33.0,  31.1,  26.8,  22.2,  18.5,  21.4,  25.3,  29.8,  33.7,  36.4,  38.1,  36.4,  33.6,  30.1,  25.9,  21.6,  24.9,  26.7,  28.5,  29.2,  28.5,  26.7,  24.9,  24.2,  -47.7,  -52.2,  -54.1,  -52.4,  -48.0,  -43.2,  -41.6,  -43.4,  -46.2,  -47.6,  -48.7,  -49.3,  -48.9,  -47.8,  -46.2,  -45.0,  -44.6,  -44.3,  -44.4,  -44.9,  -45.8,  -45.1,  -45.9,  -47.8,  -49.7,  -50.5,  -49.7,  -47.7,  -38.3,  -42.7,  -44.4,  -42.3,  -37.8,  -33.4,  -31.7,  -33.4,  -36.5,  -38.5,  -39.8,  -40.1,  -39.3,  -38.0,  -36.0,  -34.9,  -34.4,  -34.4,  -34.8,  -35.3,  -36.1,  -35.2,  -35.9,  -37.8,  -39.7,  -40.5,  -39.8,  -38.0,  496.8,  497.5,  498.2,  498.4,  498.0,  497.6,  496.6,  496.4,  501.0,  498.5,  496.4,  495.4,  496.1,  497.7,  499.5,  497.5,  495.7,  495.1,  496.1,  498.3,  497.8,  497.9,  498.2,  498.5,  498.7,  498.6,  498.3,  498.0,  422.4,  423.9,  425.6,  426.6,  426.1,  424.6,  422.9,  422.1,  422.0,  421.9,  422.3,  423.7,  426.3,  429.6,  432.6,  429.3,  425.7,  422.9,  421.5,  421.5,  424.1,  424.5,  425.2,  425.8,  426.0,  425.6,  424.9,  424.3,  -1.1,  -7.2,  492.3,  0.016,  0.011,  0.073,  280.9,  278.5,  278.6,  281.1,  287.4,  299.1,  313.5,  331.8,  353.0,  374.1,  392.5,  408.7,  421.8,  430.5,  435.0,  438.3,  440.2,  297.2,  306.0,  319.3,  333.3,  346.0,  383.0,  396.5,  409.4,  421.3,  428.6,  363.3,  362.6,  361.9,  361.0,  342.2,  350.6,  359.3,  368.6,  376.9,  310.1,  319.4,  329.4,  338.5,  328.9,  319.1,  385.0,  394.8,  405.0,  413.0,  405.2,  395.3,  323.0,  335.4,  348.3,  357.1,  366.7,  379.5,  390.2,  377.9,  364.9,  354.4,  344.8,  332.9,  328.3,  347.2,  356.3,  366.0,  385.2,  365.2,  355.3,  345.9,  230.9,  253.9,  277.3,  300.4,  322.2,  341.4,  356.6,  368.4,  373.4,  372.5,  364.2,  351.9,  335.4,  314.9,  291.8,  267.3,  243.4,  213.9,  202.5,  198.3,  200.5,  206.0,  207.1,  202.0,  201.3,  205.5,  216.0,  229.4,  243.9,  258.3,  273.3,  282.4,  286.2,  289.5,  287.4,  285.1,  233.8,  230.2,  230.6,  234.8,  236.8,  236.5,  237.2,  233.6,  234.2,  238.5,  240.7,  240.1,  312.1,  304.8,  302.4,  305.3,  304.1,  309.0,  317.4,  328.6,  331.9,  331.8,  330.0,  324.1,  312.7,  311.4,  312.8,  312.9,  317.5,  320.2,  320.2,  318.7,  -73.1,  -75.5,  -76.0,  -73.9,  -67.6,  -55.7,  -41.4,  -24.5,  -6.0,  12.3,  29.1,  44.7,  57.2,  65.2,  68.8,  71.5,  73.3,  -55.0,  -47.1,  -35.2,  -22.9,  -11.9,  19.4,  31.1,  42.3,  52.8,  59.4,  2.8,  2.1,  1.5,  0.8,  -14.9,  -7.8,  -0.6,  7.1,  14.1,  -43.3,  -35.0,  -26.3,  -18.4,  -26.7,  -35.3,  21.4,  29.8,  38.6,  45.6,  38.7,  30.2,  -31.8,  -20.6,  -9.7,  -2.4,  5.5,  16.3,  25.9,  15.0,  4.0,  -4.6,  -12.6,  -22.7,  -27.1,  -10.6,  -3.0,  5.0,  21.5,  4.3,  -3.9,  -11.7,  -52.8,  -31.6,  -9.9,  11.6,  31.8,  48.9,  61.1,  69.8,  73.6,  73.9,  68.3,  58.6,  43.9,  24.9,  3.5,  -18.9,  -40.7,  -65.0,  -74.6,  -77.6,  -74.9,  -69.7,  -68.4,  -73.2,  -74.2,  -71.1,  -62.4,  -49.4,  -36.7,  -24.4,  -11.9,  -4.7,  -1.5,  1.3,  -0.5,  -2.4,  -47.0,  -49.9,  -49.4,  -45.6,  -44.0,  -44.3,  -43.5,  -46.6,  -46.1,  -42.6,  -40.5,  -41.0,  20.7,  14.0,  11.9,  14.2,  13.3,  17.6,  25.2,  34.0,  36.4,  36.1,  34.7,  30.3,  21.1,  19.4,  20.5,  20.7,  25.2,  26.8,  26.7,  25.5,  537.2,  538.4,  542.3,  544.5,  540.7,  531.6,  518.0,  504.6,  501.3,  507.8,  521.2,  533.4,  538.2,  537.6,  533.7,  530.9,  530.9,  509.7,  507.1,  502.5,  497.9,  494.0,  491.8,  494.4,  497.7,  500.8,  503.6,  490.0,  483.7,  477.7,  471.8,  485.9,  483.1,  480.4,  482.4,  484.9,  504.3,  501.6,  500.6,  498.6,  499.3,  500.4,  497.9,  498.3,  498.7,  500.3,  497.8,  497.4,  499.4,  486.5,  480.4,  479.2,  480.1,  486.7,  498.0,  487.4,  480.9,  479.2,  480.2,  486.8,  496.5,  482.3,  481.1,  481.9,  495.4,  483.3,  482.1,  483.4,  1.161,  0.040,  0.024,  0.072,  358.823,  279.552,  -36.419,  -1.205,  -13.330,  3.387,  -13.960,  -2.108,  -4.107,  7.772,  -9.722,  -2.500,  -10.829,  -3.539,  7.385,  -2.244,  -1.293,  4.481,  -4.361,  1.279,  -5.857,  -0.423,  -1.450,  -0.451,  5.212,  -1.209,  0.517,  1.080,  -0.236,  -0.109,  -0.238,  -0.201,  0.256,  -0.118,  -0.194,  0.303, 0.44, 0.33, 0.32, 0.00, 0.56, 0.86, 0.00, 1.44, 0.94, 0.06, 0.22, 0.76, 0.00, 0.00, 0.08, 0.02, 0.25, 0.00, 1.00, 0.00, 0.00, 1.00, 1.00, 0.00, 1.00, 1.00, 0.00, 0.00, 1.00, 0.00, 0.00, 0.00, 0.00, 0.00, 1.00
22,  0,  0.840,  0.98,  1,  0.088800,  0.186988,  -0.978340,  -0.112480,  0.168418,  -0.979277,  -0.012,  0.180,  318.6,  320.8,  326.1,  331.3,  333.4,  331.6,  325.9,  320.7,  311.4,  314.7,  319.4,  324.8,  330.4,  335.1,  338.6,  334.9,  330.0,  324.5,  319.2,  314.7,  323.8,  326.0,  328.3,  329.3,  328.4,  326.1,  323.8,  322.9,  390.1,  391.4,  396.8,  403.2,  406.8,  405.5,  400.1,  393.2,  385.0,  389.1,  394.5,  400.7,  405.9,  409.6,  412.1,  410.1,  406.8,  402.0,  396.1,  390.0,  395.7,  398.7,  401.3,  401.9,  400.2,  397.2,  394.6,  393.9,  235.7,  230.7,  228.5,  230.5,  235.4,  240.9,  242.6,  240.6,  238.7,  236.2,  234.2,  233.3,  234.2,  236.3,  238.9,  239.3,  238.8,  238.7,  238.9,  239.1,  238.2,  239.0,  238.1,  235.9,  233.8,  232.9,  233.9,  236.0,  238.0,  232.1,  229.8,  232.4,  238.4,  244.3,  246.6,  244.5,  242.0,  238.5,  236.0,  235.3,  236.6,  239.3,  242.6,  243.7,  243.8,  243.6,  243.3,  243.2,  241.6,  242.8,  241.7,  238.9,  236.0,  234.7,  235.9,  238.7,  -33.8,  -32.1,  -27.8,  -23.5,  -21.6,  -23.1,  -27.6,  -32.0,  -40.0,  -37.1,  -33.2,  -28.6,  -24.1,  -20.3,  -17.5,  -20.4,  -24.3,  -28.8,  -33.2,  -37.1,  -29.5,  -27.7,  -25.8,  -25.1,  -25.9,  -27.8,  -29.6,  -30.3,  20.2,  21.2,  25.0,  29.4,  31.8,  30.7,  26.9,  22.2,  16.7,  19.5,  23.1,  27.4,  31.1,  33.9,  35.8,  34.2,  31.6,  28.1,  24.1,  20.0,  24.0,  26.1,  27.9,  28.4,  27.3,  25.2,  23.3,  22.9,  -42.7,  -47.0,  -48.8,  -47.1,  -42.9,  -38.3,  -36.9,  -38.5,  -40.6,  -42.4,  -43.9,  -44.5,  -43.8,  -42.1,  -40.1,  -39.6,  -39.9,  -40.0,  -39.9,  -40.0,  -40.7,  -39.9,  -40.7,  -42.5,  -44.3,  -45.1,  -44.3,  -42.5,  -33.5,  -37.7,  -39.5,  -37.9,  -33.7,  -29.5,  -27.8,  -29.0,  -30.7,  -33.1,  -34.8,  -35.5,  -34.8,  -33.3,  -31.2,  -30.2,  -29.9,  -29.8,  -29.8,  -29.9,  -31.2,  -30.4,  -31.3,  -33.3,  -35.3,  -36.1,  -35.2,  -33.2,  474.4,  476.1,  476.5,  475.6,  473.8,  472.3,  471.7,  472.6,  478.8,  476.4,  474.1,  472.8,  472.8,  473.6,  474.7,  472.8,  471.5,  471.3,  472.7,  475.4,  474.2,  473.8,  474.0,  474.7,  475.5,  475.9,  475.7,  475.0,  389.4,  392.1,  394.7,  395.9,  394.8,  392.2,  389.5,  388.3,  388.5,  388.8,  389.7,  391.3,  393.8,  397.0,  399.7,  396.0,  392.4,  389.5,  388.1,  387.9,  391.0,  391.6,  392.8,  394.1,  394.6,  394.1,  392.8,  391.5,  -1.1,  -3.5,  490.1,  0.068,  0.028,  0.068,  281.0,  278.8,  279.2,  282.1,  288.3,  299.7,  314.1,  332.3,  353.5,  374.6,  392.9,  409.2,  422.4,  431.3,  435.9,  439.3,  441.3,  297.1,  305.7,  318.9,  333.0,  345.5,  382.9,  396.3,  409.3,  421.5,  429.0,  363.2,  362.4,  361.6,  360.6,  342.4,  350.6,  359.1,  368.2,  376.4,  310.4,  319.7,  330.0,  339.1,  329.4,  319.3,  384.8,  394.8,  405.3,  413.3,  405.7,  395.4,  323.5,  335.4,  348.1,  356.4,  365.7,  378.4,  389.4,  376.9,  363.7,  353.6,  344.4,  332.6,  328.6,  347.0,  355.7,  364.9,  384.5,  364.0,  354.5,  345.6,  234.3,  257.3,  280.5,  303.3,  325.1,  344.7,  360.4,  372.6,  377.6,  376.3,  367.5,  354.4,  337.4,  316.7,  293.5,  268.8,  244.3,  218.0,  206.5,  202.7,  205.1,  210.7,  211.4,  205.7,  204.5,  208.4,  218.8,  233.4,  248.5,  263.4,  278.8,  287.1,  291.0,  294.4,  292.3,  289.8,  237.4,  233.4,  233.9,  238.9,  240.7,  240.4,  240.8,  236.3,  236.7,  241.2,  244.0,  243.6,  316.4,  309.8,  307.6,  310.6,  309.4,  314.1,  321.8,  334.6,  338.4,  338.2,  336.4,  329.8,  317.2,  316.0,  317.4,  317.6,  322.2,  327.1,  327.0,  325.4,  -72.4,  -74.7,  -74.8,  -72.6,  -66.5,  -55.2,  -41.0,  -24.1,  -5.6,  12.7,  29.5,  45.1,  57.6,  65.7,  69.4,  72.0,  73.7,  -54.6,  -46.8,  -35.1,  -22.8,  -12.1,  19.1,  30.3,  41.5,  52.1,  58.9,  2.6,  2.0,  1.3,  0.5,  -14.6,  -7.8,  -0.8,  6.8,  13.6,  -42.7,  -34.4,  -25.5,  -17.7,  -26.0,  -34.7,  21.0,  29.4,  38.3,  45.3,  38.6,  29.9,  -31.4,  -20.6,  -9.8,  -2.9,  4.7,  15.4,  25.1,  14.1,  3.1,  -5.3,  -12.9,  -22.9,  -26.8,  -10.7,  -3.5,  4.1,  20.8,  3.3,  -4.6,  -12.0,  -49.3,  -28.2,  -6.9,  14.2,  34.4,  51.9,  64.7,  73.8,  77.5,  77.2,  71.2,  60.8,  45.6,  26.5,  5.1,  -17.5,  -39.6,  -60.8,  -70.3,  -72.9,  -70.1,  -64.8,  -63.8,  -68.8,  -70.3,  -67.5,  -59.1,  -45.4,  -32.5,  -20.0,  -7.4,  -0.7,  2.5,  5.2,  3.5,  1.5,  -43.6,  -46.7,  -46.1,  -41.7,  -40.2,  -40.6,  -39.9,  -43.7,  -43.4,  -39.7,  -37.2,  -37.5,  24.4,  18.2,  16.2,  18.5,  17.6,  21.8,  28.8,  38.9,  41.7,  41.4,  40.0,  35.0,  24.9,  23.1,  24.3,  24.4,  29.0,  32.4,  32.3,  31.1,  533.1,  534.5,  538.4,  541.2,  539.1,  532.1,  519.7,  506.6,  502.6,  508.1,  520.9,  532.0,  536.3,  535.5,  531.2,  527.5,  526.6,  504.7,  501.4,  496.3,  491.1,  486.8,  483.8,  485.9,  489.1,  492.8,  496.4,  483.6,  477.9,  472.3,  467.0,  482.0,  479.3,  476.6,  478.5,  480.7,  500.1,  496.9,  495.7,  493.4,  494.5,  495.8,  491.3,  491.5,  491.8,  493.6,  491.1,  490.8,  499.0,  485.5,  478.5,  477.2,  477.8,  484.3,  495.6,  485.9,  480.3,  479.3,  480.5,  487.0,  495.9,  480.6,  479.2,  479.7,  493.4,  482.4,  481.6,  483.2,  1.169,  0.095,  0.040,  0.066,  358.818,  283.669,  -36.739,  -4.361,  -10.364,  6.515,  -10.723,  -2.279,  -1.399,  4.835,  -9.589,  -1.794,  -8.858,  -3.836,  7.705,  -3.374,  -0.910,  4.729,  -1.107,  3.201,  -7.660,  0.888,  -1.821,  -0.504,  4.695,  -1.049,  1.086,  1.025,  -0.113,  0.239,  -0.100,  -0.013,  0.432,  0.045,  -0.054,  0.148, 0.25, 0.17, 0.37, 0.00, 0.66, 1.07, 0.00, 1.58, 1.04, 0.00, 0.21, 0.80, 0.00, 0.00, 0.15, 0.12, 0.19, 0.00, 1.00, 0.00, 0.00, 1.00, 1.00, 0.00, 1.00, 1.00, 0.00, 0.00, 1.00, 0.00, 0.00, 0.00, 0.00, 0.00, 1.00
23,  0,  0.880,  0.98,  1,  0.135586,  0.209495,  -0.968364,  -0.190720,  0.267635,  -0.944456,  -0.029,  0.244,  319.0,  321.0,  325.9,  330.8,  332.9,  331.3,  326.1,  321.2,  311.1,  314.5,  319.0,  324.3,  329.7,  333.7,  336.7,  333.5,  329.0,  323.9,  318.9,  314.5,  323.8,  325.9,  328.1,  329.0,  328.0,  325.8,  323.7,  322.8,  389.2,  391.6,  397.3,  402.8,  405.0,  402.5,  396.9,  390.9,  385.5,  389.6,  394.9,  400.8,  405.7,  409.2,  411.3,  409.0,  405.4,  400.7,  395.2,  389.6,  394.3,  396.7,  399.1,  400.1,  399.2,  396.9,  394.5,  393.4,  238.7,  233.6,  231.5,  233.5,  238.6,  244.0,  245.8,  243.8,  240.7,  239.0,  237.9,  237.2,  237.7,  238.9,  240.6,  241.8,  242.2,  242.4,  242.3,  241.8,  241.0,  241.9,  241.0,  238.7,  236.5,  235.6,  236.6,  238.8,  241.5,  235.8,  233.7,  236.4,  242.4,  248.2,  250.3,  248.0,  243.4,  240.6,  238.9,  238.6,  240.0,  242.1,  244.9,  246.2,  246.6,  246.5,  245.8,  245.0,  244.5,  245.7,  244.8,  242.4,  239.8,  238.6,  239.5,  242.0,  -35.6,  -33.9,  -29.7,  -25.4,  -23.6,  -25.0,  -29.4,  -33.7,  -42.8,  -39.7,  -35.6,  -30.9,  -26.3,  -22.8,  -20.4,  -23.1,  -26.9,  -31.3,  -35.6,  -39.6,  -31.6,  -29.7,  -27.8,  -27.1,  -27.9,  -29.8,  -31.6,  -32.4,  22.0,  23.9,  28.2,  32.5,  34.1,  32.2,  27.9,  23.3,  19.2,  22.3,  26.3,  30.8,  34.7,  37.6,  39.5,  37.4,  34.4,  30.7,  26.4,  22.3,  26.0,  27.8,  29.7,  30.5,  29.8,  28.0,  26.1,  25.3,  -42.8,  -47.3,  -49.2,  -47.4,  -43.0,  -38.3,  -36.7,  -38.4,  -41.5,  -42.6,  -43.4,  -44.0,  -43.7,  -42.7,  -41.4,  -40.2,  -39.7,  -39.5,  -39.6,  -40.2,  -40.9,  -40.1,  -41.0,  -42.9,  -44.9,  -45.7,  -44.8,  -42.8,  -35.0,  -39.5,  -41.2,  -39.2,  -34.6,  -30.2,  -28.5,  -30.2,  -33.6,  -35.7,  -37.0,  -37.3,  -36.4,  -35.1,  -33.2,  -32.0,  -31.4,  -31.3,  -31.7,  -32.3,  -32.9,  -32.0,  -32.8,  -34.6,  -36.6,  -37.5,  -36.7,  -34.8,  504.8,  505.3,  506.0,  506.3,  506.2,  505.9,  504.9,  504.6,  508.9,  506.3,  504.2,  503.3,  504.1,  505.9,  507.9,  505.8,  503.9,  503.3,  504.3,  506.3,  505.9,  506.1,  506.4,  506.6,  506.7,  506.5,  506.2,  506.0,  438.2,  439.3,  440.7,  441.6,  441.4,  440.3,  438.9,  438.2,  438.1,  437.6,  437.7,  438.8,  441.2,  444.5,  447.6,  444.3,  440.8,  438.3,  437.2,  437.4,  439.9,  440.2,  440.8,  441.3,  441.3,  441.0,  440.4,  439.9,  -1.0,  -0.7,  492.6,  0.081,  0.027,  0.061,  280.6,  278.8,  279.4,  282.5,  288.9,  300.5,  314.8,  332.8,  353.9,  375.1,  393.4,  409.6,  422.6,  431.4,  435.9,  439.1,  441.1,  296.4,  305.2,  318.5,  332.6,  345.3,  383.0,  396.7,  409.8,  421.9,  429.3,  363.1,  362.4,  361.8,  360.9,  342.7,  350.7,  359.3,  368.5,  376.6,  310.1,  319.2,  329.2,  338.1,  328.7,  319.0,  385.1,  394.6,  404.8,  412.7,  405.1,  395.2,  324.2,  335.9,  348.4,  356.8,  366.0,  378.6,  389.1,  377.1,  364.2,  354.1,  344.8,  333.3,  329.2,  347.3,  356.1,  365.4,  384.4,  364.5,  354.9,  346.0,  237.8,  261.0,  284.2,  306.9,  328.6,  348.0,  363.6,  375.9,  380.9,  379.4,  370.0,  356.5,  339.4,  318.7,  295.6,  270.9,  246.6,  221.0,  209.9,  206.2,  208.6,  214.0,  214.6,  209.1,  207.8,  211.4,  221.3,  236.7,  252.2,  267.6,  283.6,  290.7,  294.8,  298.4,  296.1,  293.3,  240.5,  236.9,  237.2,  241.4,  243.4,  243.2,  243.1,  239.3,  239.7,  243.8,  246.3,  245.8,  320.1,  313.8,  312.0,  314.9,  313.7,  317.9,  325.0,  337.7,  341.7,  341.7,  339.8,  333.2,  320.9,  320.0,  321.5,  321.6,  325.5,  330.4,  330.5,  328.9,  -72.8,  -74.8,  -74.9,  -72.5,  -66.2,  -54.6,  -40.5,  -23.8,  -5.3,  13.2,  30.0,  45.5,  57.9,  65.8,  69.3,  71.7,  73.3,  -55.2,  -47.3,  -35.4,  -23.1,  -12.3,  19.2,  30.8,  42.0,  52.6,  59.4,  2.6,  2.0,  1.4,  0.8,  -14.4,  -7.7,  -0.6,  7.0,  13.8,  -43.0,  -34.9,  -26.3,  -18.6,  -26.7,  -35.1,  21.3,  29.3,  38.0,  44.9,  38.2,  29.8,  -30.9,  -20.2,  -9.7,  -2.7,  5.0,  15.6,  24.9,  14.4,  3.5,  -4.9,  -12.7,  -22.5,  -26.3,  -10.6,  -3.2,  4.5,  20.8,  3.8,  -4.2,  -11.8,  -46.0,  -24.9,  -3.5,  17.6,  37.8,  55.1,  67.7,  76.8,  80.6,  80.3,  73.8,  62.9,  47.5,  28.3,  7.0,  -15.5,  -37.4,  -58.3,  -67.4,  -69.9,  -67.1,  -62.0,  -61.2,  -66.1,  -67.7,  -65.1,  -57.2,  -42.8,  -29.5,  -16.6,  -3.6,  2.3,  5.7,  8.6,  6.7,  4.4,  -40.9,  -43.8,  -43.4,  -39.6,  -38.0,  -38.3,  -38.0,  -41.3,  -41.0,  -37.7,  -35.4,  -35.7,  27.7,  21.7,  19.9,  22.2,  21.3,  25.1,  31.7,  41.9,  44.8,  44.6,  43.2,  38.1,  28.2,  26.6,  27.8,  27.9,  32.0,  35.4,  35.5,  34.3,  532.7,  535.3,  540.4,  544.0,  541.2,  533.5,  520.8,  507.9,  504.2,  510.2,  523.0,  533.7,  537.7,  536.1,  531.2,  526.9,  525.3,  505.1,  501.6,  496.6,  491.5,  487.0,  484.6,  487.0,  490.1,  493.9,  498.1,  484.5,  479.3,  474.4,  469.7,  484.3,  481.5,  479.0,  480.6,  482.8,  500.4,  497.6,  496.4,  494.6,  495.4,  496.6,  492.7,  492.8,  493.1,  494.9,  492.6,  492.3,  500.7,  488.4,  482.0,  480.6,  481.3,  487.6,  498.0,  489.4,  484.6,  483.3,  484.4,  490.2,  497.7,  483.9,  482.6,  483.3,  496.0,  486.1,  485.3,  486.7,  1.165,  0.112,  0.040,  0.059,  358.924,  286.950,  -42.963,  -2.313,  -12.318,  5.034,  -8.474,  0.059,  -2.006,  4.695,  -6.518,  -1.496,  -7.970,  -4.867,  8.094,  -2.909,  0.911,  5.139,  -2.917,  1.832,  -8.312,  0.521,  -1.767,  0.094,  5.660,  -1.014,  0.386,  1.542,  -0.234,  -0.017,  0.048,  -0.068,  0.362,  -0.244,  -0.021,  0.364, 0.18, 0.21, 0.45, 0.00, 0.68, 1.04, 0.00, 1.68, 1.06, 0.03, 0.10, 0.96, 0.00, 0.00, 0.18, 0.14, 0.14, 0.00, 1.00, 0.00, 0.00, 1.00, 1.00, 0.00, 1.00, 1.00, 0.00, 0.00, 1.00, 0.00, 0.00, 0.00, 0.00, 0.00, 1.00
24,  0,  0.920,  0.98,  1,  0.140866,  0.186518,  -0.972300,  -0.162137,  0.207484,  -0.964708,  -0.011,  0.201,  319.0,  321.2,  326.3,  331.4,  333.4,  331.6,  326.1,  321.0,  311.7,  314.6,  318.9,  324.2,  329.8,  334.1,  337.1,  333.4,  328.6,  323.4,  318.5,  314.5,  324.0,  326.2,  328.4,  329.4,  328.5,  326.3,  324.1,  323.1,  390.3,  392.5,  398.2,  404.0,  406.5,  404.3,  398.6,  392.3,  386.2,  390.1,  395.3,  401.5,  406.8,  410.4,  412.4,  410.3,  406.8,  402.2,  396.5,  390.7,  395.5,  398.1,  400.7,  401.7,  400.6,  397.9,  395.3,  394.3,  241.5,  236.5,  234.4,  236.5,  241.4,  246.9,  248.5,  246.5,  244.4,  241.8,  240.0,  239.2,  240.2,  242.4,  245.2,  245.8,  245.5,  245.4,  245.4,  245.2,  244.0,  244.9,  244.0,  241.8,  239.6,  238.7,  239.6,  241.8,  244.0,  238.0,  235.7,  238.4,  244.6,  250.6,  252.9,  250.7,  247.3,  243.9,  241.7,  241.1,  242.3,  244.5,  247.6,  249.3,  250.1,  250.2,  249.7,  249.0,  247.2,  248.5,  247.4,  244.6,  241.8,  240.6,  241.7,  244.4,  -34.4,  -32.6,  -28.3,  -24.0,  -22.3,  -23.8,  -28.3,  -32.6,  -40.9,  -38.2,  -34.5,  -29.9,  -25.3,  -21.7,  -19.2,  -22.2,  -26.2,  -30.6,  -34.7,  -38.3,  -30.2,  -28.3,  -26.5,  -25.7,  -26.5,  -28.3,  -30.2,  -31.0,  21.6,  23.2,  27.3,  31.6,  33.4,  31.7,  27.6,  23.0,  18.6,  21.4,  25.1,  29.6,  33.6,  36.4,  38.2,  36.3,  33.6,  30.1,  25.9,  21.8,  25.3,  27.3,  29.2,  30.0,  29.1,  27.2,  25.3,  24.5,  -39.0,  -43.3,  -45.1,  -43.3,  -39.0,  -34.4,  -33.0,  -34.7,  -36.9,  -38.9,  -40.2,  -40.8,  -39.9,  -38.2,  -35.9,  -35.3,  -35.4,  -35.5,  -35.7,  -36.1,  -36.9,  -36.1,  -36.9,  -38.8,  -40.7,  -41.4,  -40.7,  -38.8,  -31.3,  -35.7,  -37.5,  -35.6,  -31.2,  -26.8,  -25.0,  -26.6,  -28.9,  -31.3,  -32.9,  -33.5,  -32.8,  -31.5,  -29.4,  -28.0,  -27.2,  -26.9,  -27.2,  -27.7,  -29.1,  -28.3,  -29.1,  -31.1,  -33.2,  -34.0,  -33.2,  -31.1,  487.5,  488.7,  489.1,  488.3,  486.8,  485.7,  485.2,  486.0,  492.2,  489.7,  487.2,  485.7,  485.6,  486.2,  487.1,  485.7,  484.6,  484.7,  486.4,  489.1,  487.4,  487.1,  487.2,  487.8,  488.4,  488.8,  488.6,  488.1,  413.5,  414.8,  416.6,  417.6,  417.5,  416.1,  414.4,  413.5,  413.3,  413.0,  413.2,  414.5,  417.0,  420.4,  423.4,  420.2,  416.8,  414.2,  412.9,  412.8,  415.3,  415.8,  416.6,  417.2,  417.3,  416.8,  416.0,  415.4,  -0.6,  2.0,  492.0,  0.097,  0.031,  0.058,  281.1,  279.3,  280.0,  283.0,  289.5,  301.2,  315.4,  333.5,  354.6,  375.8,  394.2,  410.6,  423.6,  432.2,  436.5,  439.6,  441.4,  296.5,  305.4,  319.0,  333.3,  346.2,  383.0,  396.7,  409.9,  422.1,  429.5,  363.5,  362.8,  362.1,  361.3,  343.0,  351.2,  359.7,  368.9,  377.1,  310.0,  319.2,  329.5,  338.4,  328.8,  318.7,  385.7,  395.4,  405.9,  413.8,  406.3,  396.1,  324.2,  336.2,  348.8,  357.2,  366.6,  379.3,  390.2,  377.9,  364.8,  354.6,  345.3,  333.6,  329.3,  347.7,  356.6,  365.9,  385.3,  365.1,  355.5,  346.4,  239.4,  262.7,  285.9,  308.7,  330.7,  350.6,  366.8,  379.6,  384.5,  382.7,  372.6,  358.4,  340.9,  320.0,  297.1,  272.7,  248.5,  224.7,  213.3,  209.5,  211.9,  217.5,  218.1,  212.4,  211.2,  214.9,  225.1,  239.9,  255.5,  271.1,  287.1,  294.7,  298.7,  302.3,  299.9,  297.1,  243.6,  239.4,  239.9,  244.9,  247.0,  246.6,  246.6,  242.0,  242.4,  246.9,  249.7,  249.4,  323.5,  317.6,  315.9,  318.8,  317.5,  321.5,  328.4,  340.9,  344.9,  344.9,  343.1,  336.6,  324.4,  324.0,  325.5,  325.5,  328.9,  333.6,  333.7,  332.2,  -72.2,  -74.2,  -74.3,  -71.9,  -65.6,  -54.0,  -40.1,  -23.3,  -4.7,  13.9,  30.8,  46.4,  58.8,  66.4,  69.7,  71.9,  73.2,  -54.9,  -46.9,  -34.9,  -22.5,  -11.6,  19.1,  30.7,  41.9,  52.5,  59.2,  2.9,  2.3,  1.7,  1.0,  -14.2,  -7.3,  -0.3,  7.4,  14.2,  -43.0,  -34.8,  -25.9,  -18.3,  -26.5,  -35.2,  21.7,  29.9,  38.8,  45.6,  39.1,  30.5,  -30.8,  -20.0,  -9.3,  -2.3,  5.5,  16.2,  25.9,  15.1,  4.0,  -4.5,  -12.3,  -22.2,  -26.3,  -10.2,  -2.8,  4.9,  21.6,  4.3,  -3.8,  -11.3,  -44.4,  -23.3,  -1.9,  19.3,  39.8,  57.5,  70.8,  80.3,  84.0,  83.3,  76.1,  64.6,  48.8,  29.5,  8.3,  -13.8,  -35.6,  -54.8,  -64.2,  -66.8,  -64.1,  -58.9,  -58.2,  -63.1,  -64.5,  -61.8,  -53.6,  -39.9,  -26.7,  -13.8,  -0.7,  5.5,  8.9,  11.7,  9.8,  7.6,  -38.1,  -41.4,  -40.9,  -36.6,  -34.9,  -35.3,  -35.0,  -38.9,  -38.6,  -34.9,  -32.3,  -32.6,  30.6,  24.8,  23.1,  25.4,  24.4,  28.1,  34.6,  44.6,  47.4,  47.3,  45.9,  41.0,  31.2,  30.0,  31.1,  31.2,  34.9,  38.1,  38.1,  36.9,  531.3,  534.3,  539.6,  543.3,  541.1,  534.0,  522.4,  509.8,  505.9,  511.4,  523.3,  533.5,  536.8,  534.8,  529.8,  525.3,  523.2,  503.2,  499.4,  494.4,  489.5,  485.7,  483.5,  485.1,  487.9,  491.2,  495.1,  483.1,  478.0,  473.2,  468.6,  483.7,  481.0,  478.4,  480.0,  482.0,  499.0,  496.0,  494.7,  492.8,  493.9,  495.3,  491.3,  491.2,  491.4,  493.2,  491.1,  490.8,  500.7,  488.0,  481.5,  480.3,  480.9,  487.4,  498.0,  489.4,  484.2,  482.9,  483.9,  489.8,  497.7,  483.5,  482.3,  483.0,  495.8,  485.6,  484.7,  486.0,  1.167,  0.134,  0.044,  0.057,  359.433,  290.095,  -42.921,  -1.657,  -12.860,  5.149,  -9.802,  -0.179,  -3.600,  3.592,  -6.502,  -1.950,  -8.386,  -3.044,  7.347,  -2.259,  -0.670,  4.413,  -3.125,  2.717,  -6.249,  1.284,  -2.250,  0.343,  5.111,  -0.647,  0.796,  0.727,  -0.259,  0.109,  -0.112,  -0.001,  0.207,  -0.220,  -0.145,  0.273, 0.11, 0.11, 0.38, 0.00, 0.64, 0.95, 0.00, 1.69, 1.12, 0.22, 0.10, 1.21, 0.00, 0.00, 0.10, 0.28, 0.06, 0.00, 1.00, 0.00, 0.00, 1.00, 1.00, 0.00, 1.00, 1.00, 0.00, 0.00, 1.00, 0.00, 0.00, 0.00, 0.00, 0.00, 0.00
25,  0,  0.960,  0.98,  1,  0.136909,  0.209242,  -0.968232,  -0.065780,  0.198701,  -0.977850,  0.037,  0.207,  319.9,  322.0,  327.1,  332.2,  334.3,  332.6,  327.1,  322.0,  312.9,  315.6,  319.7,  325.0,  330.6,  335.0,  338.1,  334.4,  329.6,  324.3,  319.6,  315.6,  325.0,  327.2,  329.4,  330.3,  329.4,  327.2,  325.0,  324.1,  393.2,  394.8,  399.9,  405.7,  408.6,  407.0,  401.9,  395.6,  387.5,  391.5,  396.6,  402.6,  407.7,  411.2,  413.3,  411.5,  408.3,  403.8,  398.1,  392.2,  398.2,  400.8,  403.3,  404.0,  402.6,  399.9,  397.5,  396.8,  244.2,  239.0,  236.7,  238.8,  243.9,  249.6,  251.4,  249.3,  246.4,  244.0,  242.4,  241.6,  242.5,  244.5,  247.3,  247.9,  247.8,  247.8,  247.7,  247.3,  246.5,  247.4,  246.5,  244.2,  242.0,  241.1,  242.1,  244.3,  246.0,  240.2,  237.9,  240.5,  246.5,  252.3,  254.6,  252.5,  249.4,  246.0,  243.7,  243.0,  244.3,  246.6,  249.9,  251.5,  252.1,  252.1,  251.7,  251.1,  249.3,  250.6,  249.5,  246.7,  243.9,  242.7,  243.8,  246.5,  -33.7,  -32.0,  -27.7,  -23.4,  -21.5,  -23.0,  -27.6,  -31.9,  -40.1,  -37.5,  -33.9,  -29.3,  -24.6,  -21.0,  -18.4,  -21.4,  -25.4,  -29.8,  -34.0,  -37.5,  -29.4,  -27.6,  -25.7,  -25.0,  -25.8,  -27.6,  -29.5,  -30.2,  23.5,  24.7,  28.5,  32.7,  34.8,  33.5,  29.7,  25.2,  19.4,  22.2,  25.9,  30.3,  34.1,  36.9,  38.7,  37.0,  34.4,  31.0,  26.9,  22.7,  27.1,  29.0,  30.9,  31.5,  30.5,  28.5,  26.7,  26.1,  -36.8,  -41.3,  -43.2,  -41.4,  -37.0,  -32.2,  -30.7,  -32.5,  -35.3,  -37.2,  -38.3,  -38.9,  -38.1,  -36.5,  -34.2,  -33.6,  -33.6,  -33.6,  -33.9,  -34.4,  -34.9,  -34.1,  -34.9,  -36.9,  -38.8,  -39.5,  -38.7,  -36.8,  -29.7,  -34.0,  -35.8,  -34.1,  -29.7,  -25.4,  -23.7,  -25.1,  -27.3,  -29.6,  -31.3,  -31.9,  -31.2,  -29.8,  -27.6,  -26.2,  -25.6,  -25.4,  -25.6,  -26.0,  -27.5,  -26.6,  -27.5,  -29.5,  -31.5,  -32.4,  -31.5,  -29.5,  488.9,  489.5,  489.5,  488.8,  488.0,  487.6,  487.4,  488.0,  494.2,  491.3,  488.5,  486.8,  486.7,  487.5,  488.6,  487.3,  486.3,  486.6,  488.3,  491.1,  489.1,  488.8,  488.8,  489.1,  489.4,  489.7,  489.7,  489.5,  410.8,  412.8,  415.2,  416.6,  416.2,  414.1,  411.7,  410.3,  410.2,  410.2,  410.8,  412.3,  415.0,  418.3,  421.4,  417.7,  414.1,  411.3,  409.8,  409.7,  412.7,  413.3,  414.5,  415.4,  415.6,  415.0,  413.9,  412.9,  0.3,  3.6,  493.0,  0.088,  0.024,  0.059,  282.2,  280.3,  280.8,  283.6,  290.0,  301.7,  316.1,  334.5,  355.8,  376.9,  395.2,  411.3,  424.4,  433.0,  437.2,  440.3,  442.1,  297.7,  306.3,  319.9,  334.0,  346.8,  384.5,  398.3,  411.4,  423.5,  430.8,  364.4,  363.9,  363.2,  362.5,  344.3,  352.4,  360.9,  370.0,  378.1,  311.0,  320.1,  330.5,  339.4,  329.8,  319.8,  386.9,  396.7,  407.2,  414.9,  407.5,  397.4,  325.8,  338.1,  350.0,  358.5,  367.9,  380.2,  391.1,  378.9,  366.3,  356.1,  346.9,  335.8,  331.0,  348.9,  357.8,  367.2,  386.2,  366.4,  356.8,  347.8,  241.9,  264.5,  287.2,  309.6,  331.5,  351.5,  367.9,  381.1,  386.1,  384.5,  374.6,  360.7,  343.2,  322.2,  298.9,  274.2,  249.5,  227.4,  216.1,  212.4,  214.9,  220.1,  220.5,  214.8,  213.6,  217.4,  227.7,  242.1,  258.1,  274.1,  290.6,  297.7,  301.8,  305.4,  302.9,  300.2,  245.9,  241.7,  242.1,  246.9,  249.2,  249.0,  248.5,  244.1,  244.4,  248.9,  251.8,  251.4,  325.6,  320.6,  319.2,  322.1,  320.8,  324.4,  330.4,  341.2,  344.3,  344.2,  342.4,  336.7,  326.6,  327.3,  328.9,  328.8,  330.9,  333.1,  333.2,  331.6,  -71.2,  -73.4,  -73.7,  -71.5,  -65.3,  -53.6,  -39.4,  -22.3,  -3.7,  14.9,  31.8,  47.4,  59.9,  67.7,  70.9,  72.9,  74.1,  -54.1,  -46.3,  -34.3,  -22.0,  -11.0,  20.4,  32.1,  43.3,  53.8,  60.5,  3.7,  3.2,  2.6,  2.0,  -13.1,  -6.3,  0.7,  8.3,  15.0,  -42.2,  -34.2,  -25.2,  -17.5,  -25.7,  -34.4,  22.8,  31.1,  40.0,  46.8,  40.3,  31.7,  -29.4,  -18.4,  -8.3,  -1.2,  6.5,  17.0,  26.7,  15.9,  5.2,  -3.2,  -10.9,  -20.4,  -24.8,  -9.3,  -1.8,  6.0,  22.4,  5.4,  -2.6,  -10.2,  -42.2,  -21.6,  -0.7,  20.2,  40.5,  58.4,  71.8,  81.7,  85.5,  85.1,  78.4,  67.1,  51.3,  31.7,  10.0,  -12.6,  -34.8,  -52.6,  -62.0,  -64.5,  -61.8,  -56.9,  -56.3,  -61.2,  -62.7,  -59.8,  -51.5,  -38.2,  -24.7,  -11.3,  2.1,  8.1,  11.5,  14.3,  12.4,  10.1,  -36.3,  -39.6,  -39.2,  -34.9,  -33.0,  -33.3,  -33.5,  -37.2,  -37.0,  -33.3,  -30.7,  -31.0,  32.4,  27.4,  25.9,  28.3,  27.2,  30.6,  36.4,  44.8,  46.9,  46.6,  45.2,  41.0,  33.0,  32.8,  34.0,  34.0,  36.6,  37.7,  37.7,  36.4,  532.0,  535.0,  540.6,  544.3,  542.0,  534.5,  522.4,  509.8,  506.3,  512.8,  525.7,  536.7,  540.8,  539.1,  533.8,  528.0,  524.9,  504.9,  501.0,  496.2,  491.5,  487.7,  485.2,  486.6,  489.4,  492.5,  496.6,  484.8,  479.5,  474.6,  469.9,  485.1,  482.5,  480.0,  481.7,  483.9,  500.5,  497.8,  496.5,  494.7,  495.6,  497.1,  493.1,  492.9,  493.1,  494.9,  492.9,  492.7,  500.7,  488.6,  482.9,  481.9,  482.5,  488.7,  498.7,  489.3,  484.0,  482.4,  483.5,  489.2,  497.5,  484.9,  483.8,  484.5,  496.0,  485.5,  484.4,  485.7,  1.164,  0.130,  0.033,  0.058,  360.547,  292.103,  -37.411,  -4.448,  -18.384,  4.215,  -12.079,  4.492,  -5.851,  3.437,  -6.668,  -3.436,  -9.175,  -4.481,  7.772,  -2.944,  -0.084,  4.037,  -4.176,  3.557,  -5.421,  0.669,  -3.055,  0.433,  5.232,  -0.294,  0.840,  0.636,  -0.332,  0.095,  -0.114,  -0.037,  0.215,  -0.291,  -0.126,  0.277, 0.09, 0.11, 0.36, 0.00, 0.61, 0.88, 0.00, 1.52, 1.05, 0.54, 0.05, 1.37, 0.00, 0.09, 0.03, 0.25, 0.00, 0.00, 1.00, 0.00, 0.00, 1.00, 1.00, 0.00, 1.00, 1.00, 0.00, 0.00, 1.00, 0.00, 0.00, 0.00, 0.00, 0.00, 0.00
26,  0,  1.000,  0.98,  1,  0.136216,  0.216589,  -0.966713,  -0.099037,  0.183062,  -0.978100,  0.019,  0.203,  321.0,  323.3,  328.6,  333.8,  335.8,  333.9,  328.2,  323.0,  314.4,  316.7,  320.6,  325.9,  331.9,  336.8,  340.5,  336.2,  330.7,  325.1,  320.3,  316.6,  326.4,  328.6,  330.8,  331.8,  330.9,  328.7,  326.5,  325.5,  394.1,  396.0,  401.3,  407.0,  409.7,  407.9,  402.5,  396.4,  389.3,  393.0,  398.2,  404.3,  409.5,  412.9,  414.9,  412.9,  409.6,  405.1,  399.4,  393.7,  399.2,  401.8,  404.1,  405.0,  403.8,  401.2,  398.9,  398.0,  246.2,  240.7,  238.3,  240.5,  246.0,  252.0,  253.9,  251.7,  248.2,  245.8,  244.2,  243.5,  244.5,  246.6,  249.3,  250.1,  249.9,  249.9,  249.7,  249.3,  248.6,  249.6,  248.6,  246.2,  243.9,  243.0,  244.0,  246.3,  247.8,  241.8,  239.4,  241.8,  247.8,  253.7,  256.2,  254.2,  251.2,  247.7,  245.5,  244.8,  246.0,  248.1,  251.3,  253.1,  253.8,  254.0,  253.6,  252.9,  250.7,  251.8,  250.7,  248.0,  245.4,  244.3,  245.4,  248.0,  -30.5,  -28.7,  -24.5,  -20.4,  -18.8,  -20.2,  -24.8,  -28.9,  -36.2,  -34.1,  -30.8,  -26.5,  -21.8,  -18.0,  -15.2,  -18.5,  -22.7,  -27.1,  -31.0,  -34.1,  -26.3,  -24.5,  -22.8,  -22.0,  -22.7,  -24.4,  -26.2,  -27.0,  24.6,  26.1,  30.1,  34.3,  36.3,  34.8,  30.8,  26.2,  21.1,  23.8,  27.5,  32.1,  36.1,  38.9,  40.6,  38.8,  36.1,  32.6,  28.4,  24.3,  28.5,  30.3,  32.1,  32.8,  31.9,  30.0,  28.2,  27.6,  -32.7,  -37.0,  -38.8,  -37.0,  -32.6,  -28.0,  -26.5,  -28.3,  -31.5,  -33.2,  -34.2,  -34.6,  -33.7,  -32.1,  -30.1,  -29.4,  -29.5,  -29.6,  -29.9,  -30.4,  -30.7,  -30.0,  -30.7,  -32.6,  -34.4,  -35.2,  -34.4,  -32.6,  -29.0,  -33.4,  -35.4,  -33.7,  -29.4,  -24.9,  -23.0,  -24.4,  -26.6,  -29.0,  -30.7,  -31.3,  -30.6,  -29.3,  -27.1,  -25.6,  -24.9,  -24.6,  -24.8,  -25.3,  -27.1,  -26.3,  -27.2,  -29.1,  -31.1,  -31.8,  -30.9,  -29.0,  454.4,  454.6,  453.8,  452.5,  451.5,  451.6,  452.2,  453.4,  461.1,  457.6,  454.1,  451.5,  450.6,  451.0,  451.9,  451.0,  450.6,  451.7,  454.0,  457.4,  454.0,  453.4,  453.1,  453.2,  453.6,  454.1,  454.4,  454.4,  419.6,  421.0,  423.0,  424.3,  424.2,  422.8,  420.8,  419.6,  419.4,  419.1,  419.4,  420.8,  423.4,  426.8,  429.8,  426.7,  423.3,  420.5,  419.1,  419.0,  421.6,  422.2,  423.1,  423.7,  423.7,  423.1,  422.3,  421.6,  1.6,  5.0,  494.3,  0.087,  0.017,  0.057,  283.0,  281.4,  282.3,  285.4,  292.1,  304.0,  318.4,  336.5,  357.3,  378.1,  395.9,  411.8,  424.8,  433.5,  438.0,  441.3,  443.3,  298.4,  307.3,  320.9,  335.0,  348.0,  386.0,  399.7,  412.7,  424.9,  432.6,  366.0,  365.5,  364.9,  364.2,  345.8,  354.0,  362.6,  371.8,  379.9,  312.2,  321.3,  331.9,  340.9,  331.2,  320.9,  388.3,  398.1,  408.7,  416.6,  409.1,  398.9,  327.8,  340.3,  352.1,  360.2,  369.3,  381.2,  392.2,  380.0,  367.7,  358.0,  349.1,  338.2,  332.9,  350.9,  359.5,  368.6,  387.4,  367.9,  358.7,  350.0,  243.7,  266.6,  289.4,  311.9,  333.5,  353.1,  369.0,  381.6,  386.3,  384.8,  375.4,  361.7,  344.4,  323.6,  300.5,  275.8,  251.1,  229.4,  218.3,  214.7,  217.2,  222.3,  222.7,  217.1,  215.7,  219.1,  229.2,  244.0,  260.4,  276.8,  293.5,  299.9,  304.2,  307.8,  305.3,  302.3,  247.7,  243.6,  244.0,  248.9,  251.3,  251.1,  250.4,  245.8,  246.1,  250.6,  253.7,  253.3,  327.2,  322.9,  321.7,  324.5,  323.2,  326.5,  331.8,  341.4,  343.9,  343.8,  342.1,  337.1,  328.2,  329.5,  331.0,  330.8,  332.3,  333.1,  333.2,  331.7,  -70.8,  -72.6,  -72.5,  -70.0,  -63.4,  -51.6,  -37.5,  -20.6,  -2.3,  16.0,  32.6,  48.1,  60.6,  68.5,  72.1,  74.3,  75.8,  -53.6,  -45.5,  -33.4,  -21.1,  -10.1,  21.7,  33.3,  44.5,  55.2,  62.3,  5.0,  4.5,  4.0,  3.4,  -11.8,  -5.0,  2.1,  9.8,  16.6,  -41.3,  -33.2,  -24.1,  -16.3,  -24.6,  -33.5,  24.1,  32.5,  41.5,  48.4,  41.8,  33.1,  -27.8,  -16.6,  -6.6,  0.2,  7.7,  17.9,  27.8,  16.9,  6.4,  -1.7,  -9.1,  -18.4,  -23.2,  -7.6,  -0.4,  7.2,  23.5,  6.6,  -1.1,  -8.3,  -40.7,  -19.8,  1.3,  22.4,  42.5,  60.0,  73.0,  82.3,  85.8,  85.6,  79.3,  68.4,  52.8,  33.2,  11.5,  -11.2,  -33.6,  -51.0,  -60.2,  -62.7,  -60.0,  -55.2,  -54.6,  -59.5,  -61.1,  -58.6,  -50.4,  -36.8,  -22.9,  -9.2,  4.5,  10.0,  13.4,  16.4,  14.3,  12.0,  -34.8,  -38.1,  -37.7,  -33.4,  -31.4,  -31.6,  -32.0,  -35.9,  -35.7,  -32.0,  -29.2,  -29.5,  33.8,  29.5,  28.1,  30.4,  29.3,  32.5,  37.7,  45.0,  46.6,  46.4,  45.1,  41.4,  34.5,  34.7,  35.9,  35.8,  38.0,  37.7,  37.7,  36.6,  534.3,  537.0,  542.1,  545.3,  543.1,  535.8,  523.8,  511.2,  507.7,  514.2,  527.8,  539.4,  543.9,  542.2,  537.3,  531.7,  529.0,  506.2,  502.1,  497.1,  492.3,  488.0,  486.0,  488.0,  491.1,  494.6,  499.0,  486.0,  480.6,  475.5,  470.8,  486.2,  483.4,  480.8,  482.7,  485.1,  501.9,  499.0,  497.7,  495.8,  496.7,  498.1,  494.7,  494.8,  495.2,  497.2,  494.9,  494.5,  502.1,  490.3,  484.8,  483.8,  484.4,  490.8,  500.9,  490.3,  484.3,  482.8,  483.8,  489.9,  498.7,  486.5,  485.5,  486.3,  497.9,  486.2,  485.0,  486.4,  1.160,  0.130,  0.021,  0.056,  362.020,  293.740,  -32.017,  -4.561,  -19.887,  4.352,  -9.325,  8.388,  -6.772,  3.254,  -7.550,  -4.183,  -9.355,  -2.853,  7.239,  -2.979,  0.073,  3.561,  -3.385,  3.550,  -5.625,  0.699,  -2.892,  0.498,  5.458,  -0.670,  0.775,  0.953,  -0.430,  -0.013,  -0.153,  -0.024,  0.210,  -0.295,  -0.133,  0.250, 0.02, 0.04, 0.23, 0.00, 0.53, 0.85, 0.00, 1.41, 1.03, 0.80, 0.05, 1.49, 0.05, 0.20, 0.00, 0.22, 0.00, 0.00, 1.00, 0.00, 0.00, 1.00, 1.00, 0.00, 1.00, 1.00, 0.00, 0.00, 1.00, 0.00, 0.00, 0.00, 0.00, 0.00, 0.00
27,  0,  1.040,  0.98,  1,  0.128420,  0.239167,  -0.962449,  -0.116144,  0.207125,  -0.971396,  0.006,  0.227,  322.1,  324.4,  329.7,  335.0,  337.2,  335.4,  329.6,  324.3,  315.7,  318.1,  322.0,  327.4,  333.4,  338.4,  342.1,  337.8,  332.2,  326.5,  321.6,  317.9,  327.7,  329.9,  332.1,  333.0,  332.1,  329.9,  327.8,  326.8,  395.3,  397.0,  402.3,  408.2,  411.1,  409.4,  404.1,  397.7,  390.5,  394.6,  399.8,  405.9,  411.1,  414.4,  416.4,  414.6,  411.4,  407.0,  401.2,  395.2,  400.5,  403.1,  405.5,  406.3,  405.0,  402.3,  399.9,  399.2,  247.2,  241.5,  239.0,  241.2,  246.7,  252.8,  254.9,  252.8,  248.8,  246.5,  245.0,  244.3,  245.3,  247.2,  249.7,  250.6,  250.6,  250.6,  250.4,  250.0,  249.5,  250.4,  249.4,  247.0,  244.8,  243.9,  244.9,  247.3,  248.7,  242.6,  240.0,  242.5,  248.5,  254.6,  257.2,  255.3,  251.4,  248.1,  245.9,  245.2,  246.5,  248.6,  251.8,  253.5,  254.2,  254.3,  253.9,  253.3,  251.7,  252.8,  251.6,  248.9,  246.1,  245.0,  246.2,  249.0,  -29.4,  -27.7,  -23.5,  -19.3,  -17.6,  -19.0,  -23.5,  -27.7,  -35.0,  -32.8,  -29.5,  -25.2,  -20.5,  -16.7,  -13.8,  -17.1,  -21.4,  -25.9,  -29.8,  -32.9,  -25.1,  -23.3,  -21.6,  -20.9,  -21.6,  -23.4,  -25.1,  -25.8,  24.8,  26.1,  30.0,  34.3,  36.4,  35.0,  31.1,  26.5,  21.5,  24.3,  28.0,  32.4,  36.3,  39.0,  40.7,  39.1,  36.5,  33.1,  28.9,  24.7,  28.6,  30.5,  32.3,  32.9,  32.0,  30.0,  28.3,  27.7,  -31.7,  -36.1,  -38.0,  -36.2,  -31.9,  -27.2,  -25.6,  -27.3,  -30.9,  -32.5,  -33.4,  -33.8,  -32.9,  -31.5,  -29.6,  -28.8,  -28.8,  -28.9,  -29.2,  -29.8,  -29.9,  -29.2,  -29.9,  -31.8,  -33.6,  -34.3,  -33.5,  -31.7,  -27.6,  -32.0,  -34.0,  -32.4,  -28.1,  -23.7,  -21.7,  -23.0,  -25.7,  -28.0,  -29.6,  -30.2,  -29.5,  -28.2,  -26.1,  -24.7,  -24.0,  -23.7,  -24.0,  -24.4,  -25.7,  -24.9,  -25.8,  -27.8,  -29.7,  -30.5,  -29.6,  -27.6,  451.9,  452.0,  451.1,  449.9,  448.9,  449.0,  449.7,  450.9,  458.5,  455.0,  451.5,  448.9,  448.1,  448.5,  449.4,  448.4,  448.0,  449.1,  451.4,  454.8,  451.4,  450.9,  450.6,  450.6,  451.0,  451.5,  451.8,  451.8,  408.6,  410.2,  412.3,  413.7,  413.5,  411.9,  409.8,  408.5,  408.3,  408.2,  408.7,  410.3,  413.1,  416.5,  419.6,  416.1,  412.6,  409.6,  408.1,  407.9,  410.6,  411.3,  412.2,  412.9,  413.0,  412.4,  411.4,  410.7,  2.8,  6.0,  491.7,  0.095,  0.016,  0.056,  284.0,  282.5,  283.4,  286.6,  293.4,  305.5,  320.0,  337.9,  358.5,  379.1,  396.9,  412.9,  426.1,  435.0,  439.7,  443.0,  444.9,  299.4,  308.2,  322.1,  336.6,  349.8,  386.8,  400.5,  413.7,  426.2,  433.9,  367.5,  367.0,  366.5,  365.9,  347.3,  355.5,  364.2,  373.4,  381.5,  313.5,  322.7,  333.3,  342.4,  332.6,  322.3,  389.8,  399.7,  410.3,  418.1,  410.7,  400.4,  329.2,  341.8,  353.7,  361.8,  371.0,  382.8,  393.7,  381.6,  369.3,  359.6,  350.6,  339.7,  334.4,  352.5,  361.2,  370.3,  389.0,  369.5,  360.3,  351.6,  244.2,  267.2,  290.2,  312.8,  334.6,  354.4,  370.5,  383.1,  387.8,  386.2,  376.5,  362.6,  345.2,  324.4,  301.2,  276.4,  251.6,  231.0,  219.6,  215.8,  218.3,  223.6,  223.9,  218.3,  216.9,  220.5,  230.8,  244.9,  261.5,  278.2,  295.3,  301.3,  305.5,  309.2,  306.6,  303.7,  248.3,  244.1,  244.5,  249.6,  251.9,  251.7,  251.0,  246.2,  246.6,  251.1,  254.2,  253.8,  328.3,  324.2,  323.0,  325.9,  324.4,  327.7,  332.8,  342.8,  345.6,  345.5,  343.8,  338.6,  329.4,  330.8,  332.4,  332.1,  333.5,  334.4,  334.6,  333.1,  -69.5,  -71.3,  -71.1,  -68.6,  -62.0,  -50.1,  -35.9,  -19.3,  -1.3,  16.8,  33.4,  48.9,  61.7,  69.8,  73.5,  75.7,  77.0,  -52.5,  -44.5,  -32.2,  -19.7,  -8.5,  22.3,  33.8,  45.1,  55.9,  63.0,  6.2,  5.8,  5.3,  4.7,  -10.6,  -3.7,  3.4,  11.0,  17.8,  -39.9,  -31.8,  -22.7,  -15.0,  -23.2,  -32.1,  25.2,  33.6,  42.6,  49.4,  42.9,  34.1,  -26.4,  -15.2,  -5.2,  1.5,  9.1,  19.2,  28.9,  18.1,  7.8,  -0.4,  -7.8,  -17.1,  -21.9,  -6.2,  1.0,  8.6,  24.7,  7.9,  0.2,  -7.0,  -40.1,  -19.1,  2.0,  23.2,  43.4,  61.0,  74.0,  83.3,  86.9,  86.7,  80.1,  69.1,  53.4,  33.9,  12.1,  -10.6,  -33.0,  -49.4,  -58.7,  -61.3,  -58.6,  -53.7,  -53.3,  -58.2,  -59.7,  -57.1,  -48.8,  -35.8,  -21.8,  -8.0,  5.8,  11.0,  14.5,  17.4,  15.4,  13.1,  -34.1,  -37.4,  -37.0,  -32.5,  -30.7,  -30.9,  -31.3,  -35.3,  -35.1,  -31.4,  -28.6,  -28.9,  34.6,  30.4,  29.1,  31.3,  30.2,  33.4,  38.4,  46.0,  47.8,  47.6,  46.2,  42.4,  35.3,  35.7,  36.9,  36.7,  38.8,  38.7,  38.7,  37.5,  531.3,  534.2,  539.7,  543.2,  541.0,  533.7,  521.6,  509.2,  506.0,  512.7,  526.2,  537.8,  542.4,  541.0,  536.1,  530.2,  527.2,  503.3,  498.8,  493.8,  489.0,  484.8,  483.5,  485.2,  488.1,  491.4,  495.7,  482.9,  477.5,  472.3,  467.5,  483.2,  480.2,  477.8,  479.8,  482.2,  498.4,  495.5,  494.2,  492.4,  493.3,  494.7,  491.7,  491.7,  492.1,  494.2,  491.9,  491.5,  499.3,  487.7,  482.1,  481.2,  481.9,  488.3,  498.4,  488.1,  482.2,  480.5,  481.5,  487.4,  496.0,  484.1,  483.1,  484.0,  495.5,  483.8,  482.5,  483.9,  1.166,  0.140,  0.015,  0.056,  363.447,  294.849,  -30.010,  -4.558,  -18.815,  5.386,  -9.843,  9.452,  -4.991,  2.830,  -6.816,  -4.305,  -8.770,  -2.505,  8.706,  -2.403,  -0.661,  2.826,  -3.269,  3.300,  -4.955,  0.899,  -2.762,  0.068,  5.476,  -0.300,  0.707,  0.951,  0.061,  -0.135,  -0.081,  0.017,  0.299,  -0.184,  -0.040,  0.208, 0.00, 0.04, 0.32, 0.00, 0.60, 0.86, 0.00, 1.37, 1.06, 0.93, 0.04, 1.43, 0.06, 0.20, 0.00, 0.19, 0.00, 0.00, 1.00, 0.00, 0.00, 1.00, 1.00, 0.00, 1.00, 1.00, 0.00, 0.00, 1.00, 0.00, 0.00, 0.00, 0.00, 0.00, 0.00
28,  0,  1.080,  0.98,  1,  0.153572,  0.224135,  -0.962382,  -0.146324,  0.218904,  -0.964713,  0.004,  0.226,  323.5,  325.7,  330.8,  336.0,  338.1,  336.4,  330.9,  325.7,  316.1,  319.0,  323.2,  328.6,  334.3,  338.6,  341.6,  337.9,  333.0,  327.7,  322.9,  318.8,  328.7,  330.9,  333.1,  334.0,  333.1,  330.9,  328.7,  327.8,  395.9,  397.9,  403.5,  409.3,  412.1,  410.1,  404.5,  398.1,  391.6,  395.6,  400.8,  407.2,  412.4,  415.8,  417.6,  415.7,  412.5,  408.0,  402.2,  396.2,  401.1,  403.8,  406.3,  407.3,  406.0,  403.3,  400.8,  399.9,  247.0,  241.8,  239.5,  241.6,  246.7,  252.4,  254.2,  252.2,  249.1,  246.6,  244.9,  244.2,  245.2,  247.2,  250.1,  250.8,  250.8,  250.8,  250.6,  250.1,  249.3,  250.2,  249.3,  247.0,  244.8,  244.0,  244.9,  247.2,  248.8,  242.6,  239.9,  242.4,  248.6,  254.8,  257.4,  255.4,  251.7,  248.2,  245.9,  245.1,  246.4,  248.5,  251.8,  253.5,  254.3,  254.5,  254.1,  253.4,  251.8,  252.9,  251.7,  248.8,  246.0,  244.8,  246.1,  248.9,  -30.3,  -28.6,  -24.3,  -20.0,  -18.2,  -19.6,  -24.2,  -28.5,  -36.9,  -34.3,  -30.6,  -26.0,  -21.3,  -17.8,  -15.3,  -18.3,  -22.3,  -26.8,  -30.9,  -34.4,  -26.0,  -24.2,  -22.4,  -21.7,  -22.5,  -24.3,  -26.1,  -26.8,  25.1,  26.6,  30.6,  34.8,  36.7,  35.2,  31.2,  26.6,  22.1,  24.8,  28.5,  33.0,  37.0,  39.7,  41.3,  39.6,  37.0,  33.6,  29.4,  25.3,  28.8,  30.8,  32.6,  33.3,  32.4,  30.5,  28.6,  28.0,  -34.1,  -38.5,  -40.4,  -38.7,  -34.3,  -29.6,  -28.0,  -29.8,  -32.7,  -34.6,  -35.8,  -36.3,  -35.5,  -33.8,  -31.6,  -30.8,  -30.8,  -30.8,  -31.1,  -31.6,  -32.2,  -31.4,  -32.2,  -34.1,  -36.0,  -36.7,  -35.9,  -34.0,  -27.4,  -31.8,  -33.8,  -32.2,  -27.8,  -23.4,  -21.4,  -22.7,  -25.3,  -27.8,  -29.4,  -30.0,  -29.4,  -28.1,  -26.0,  -24.5,  -23.8,  -23.5,  -23.7,  -24.1,  -25.4,  -24.7,  -25.6,  -27.6,  -29.6,  -30.4,  -29.5,  -27.4,  483.6,  484.4,  484.5,  484.0,  483.0,  482.4,  482.0,  482.6,  488.8,  486.1,  483.4,  481.8,  481.7,  482.4,  483.5,  482.1,  481.0,  481.3,  483.0,  485.8,  483.8,  483.5,  483.6,  484.0,  484.4,  484.6,  484.6,  484.2,  405.6,  406.8,  408.6,  410.0,  410.2,  409.0,  407.2,  405.9,  405.5,  405.2,  405.6,  407.1,  409.9,  413.4,  416.5,  413.3,  409.9,  407.0,  405.5,  405.2,  407.7,  408.3,  409.2,  409.7,  409.7,  409.0,  408.2,  407.6,  3.7,  6.5,  491.9,  0.108,  0.020,  0.054,  285.3,  283.7,  284.6,  287.8,  294.7,  306.7,  321.1,  338.9,  359.3,  379.8,  397.5,  413.7,  427.2,  436.4,  441.1,  444.3,  446.2,  300.5,  309.3,  323.0,  337.3,  350.2,  388.3,  402.0,  415.0,  427.3,  435.0,  368.5,  368.1,  367.6,  367.0,  348.5,  356.7,  365.3,  374.5,  382.6,  314.3,  323.5,  334.1,  343.1,  333.4,  323.1,  391.0,  400.8,  411.4,  419.3,  411.9,  401.5,  330.0,  342.5,  354.7,  363.0,  372.2,  384.4,  395.3,  383.1,  370.5,  360.6,  351.4,  340.1,  335.3,  353.5,  362.3,  371.5,  390.5,  370.7,  361.3,  352.4,  244.8,  267.7,  290.6,  313.1,  335.0,  355.0,  371.4,  384.5,  389.3,  387.7,  377.5,  363.1,  345.6,  324.6,  301.3,  276.4,  251.5,  230.6,  219.4,  215.8,  218.2,  223.4,  223.7,  218.0,  216.5,  220.0,  230.1,  245.1,  261.8,  278.5,  295.6,  301.7,  306.0,  309.6,  307.0,  304.1,  248.5,  244.2,  244.6,  249.8,  252.1,  251.8,  251.0,  246.2,  246.5,  251.0,  254.2,  253.8,  329.0,  324.5,  323.1,  326.0,  324.6,  328.0,  333.6,  344.8,  348.1,  348.1,  346.3,  340.5,  330.2,  331.4,  332.9,  332.7,  334.3,  336.4,  336.6,  335.0,  -67.9,  -69.8,  -69.8,  -67.3,  -60.7,  -48.8,  -35.0,  -18.5,  -0.6,  17.4,  33.9,  49.6,  62.5,  70.8,  74.4,  76.5,  77.6,  -51.3,  -43.4,  -31.4,  -19.1,  -8.1,  23.5,  35.0,  46.1,  56.7,  63.6,  7.0,  6.6,  6.2,  5.7,  -9.6,  -2.8,  4.4,  12.0,  18.8,  -39.1,  -31.1,  -22.0,  -14.3,  -22.5,  -31.4,  26.2,  34.4,  43.4,  50.2,  43.8,  35.0,  -25.8,  -14.7,  -4.4,  2.5,  10.1,  20.5,  30.2,  19.5,  8.7,  0.5,  -7.1,  -16.7,  -21.1,  -5.4,  1.9,  9.5,  26.0,  8.9,  1.1,  -6.3,  -39.3,  -18.6,  2.4,  23.4,  43.7,  61.4,  74.9,  84.7,  88.4,  88.0,  80.9,  69.4,  53.5,  33.9,  12.2,  -10.6,  -32.9,  -49.5,  -58.6,  -61.2,  -58.6,  -53.8,  -53.4,  -58.3,  -59.8,  -57.3,  -49.2,  -35.6,  -21.5,  -7.7,  6.1,  11.4,  14.8,  17.8,  15.7,  13.3,  -33.8,  -37.2,  -36.8,  -32.3,  -30.4,  -30.7,  -31.2,  -35.2,  -35.0,  -31.3,  -28.5,  -28.8,  35.3,  30.6,  29.2,  31.5,  30.3,  33.6,  39.1,  47.8,  50.0,  49.9,  48.5,  44.1,  36.1,  36.2,  37.4,  37.3,  39.5,  40.4,  40.4,  39.2,  527.9,  531.6,  537.7,  542.0,  540.1,  533.1,  521.8,  510.1,  506.8,  513.0,  525.5,  536.5,  540.5,  538.7,  533.3,  527.2,  523.5,  501.0,  496.9,  492.3,  487.9,  484.3,  482.9,  484.3,  486.8,  489.6,  493.5,  482.1,  477.1,  472.4,  468.2,  483.3,  480.4,  478.1,  480.0,  482.2,  497.2,  494.3,  493.1,  491.3,  492.3,  493.7,  490.5,  490.4,  490.7,  492.6,  490.6,  490.3,  499.8,  488.0,  482.2,  481.2,  481.8,  488.2,  498.4,  489.2,  483.7,  482.1,  483.1,  488.7,  496.6,  484.4,  483.4,  484.1,  495.7,  484.8,  483.7,  485.0,  1.168,  0.155,  0.019,  0.054,  364.514,  295.355,  -39.234,  -5.418,  -17.788,  5.643,  -9.725,  7.216,  -5.056,  3.485,  -6.252,  -4.539,  -8.249,  -2.134,  9.226,  -2.268,  -0.366,  3.084,  -3.504,  2.949,  -4.461,  0.781,  -3.204,  -0.345,  5.822,  0.009,  0.611,  0.829,  -0.102,  -0.071,  -0.168,  -0.029,  0.258,  -0.291,  -0.095,  0.302, 0.00, 0.00, 0.35, 0.00, 0.63, 0.92, 0.00, 1.53, 1.17, 0.76, 0.04, 1.26, 0.06, 0.11, 0.00, 0.33, 0.00, 0.00, 1.00, 0.00, 0.00, 1.00, 1.00, 0.00, 1.00, 1.00, 0.00, 0.00, 1.00, 0.00, 0.00, 0.00, 0.00, 0.00, 0.00
29,  0,  1.120,  0.98,  1,  0.166655,  0.253463,  -0.952881,  -0.065464,  0.224862,  -0.972189,  0.053,  0.244,  324.5,  326.6,  331.8,  337.1,  339.3,  337.6,  332.0,  326.7,  317.1,  319.9,  324.0,  329.3,  335.0,  339.4,  342.6,  338.8,  333.8,  328.4,  323.6,  319.7,  329.8,  332.0,  334.1,  335.0,  334.1,  331.9,  329.8,  328.9,  398.8,  400.6,  405.9,  411.4,  414.0,  412.1,  406.9,  400.8,  392.9,  396.8,  402.0,  408.2,  413.5,  416.9,  418.7,  416.8,  413.6,  409.1,  403.4,  397.4,  403.6,  406.1,  408.5,  409.3,  408.1,  405.7,  403.3,  402.5,  246.7,  241.4,  239.1,  241.1,  246.3,  252.0,  253.9,  251.9,  248.6,  246.1,  244.4,  243.6,  244.4,  246.4,  249.1,  250.1,  250.1,  250.2,  250.1,  249.7,  249.0,  249.8,  248.8,  246.6,  244.5,  243.7,  244.6,  246.9,  247.7,  241.7,  239.2,  241.7,  247.7,  253.8,  256.3,  254.2,  250.8,  247.5,  245.2,  244.4,  245.6,  247.6,  250.8,  252.7,  253.6,  253.9,  253.4,  252.7,  250.6,  251.7,  250.6,  247.9,  245.2,  244.1,  245.2,  247.9,  -29.4,  -27.7,  -23.4,  -19.0,  -17.1,  -18.5,  -23.1,  -27.5,  -36.0,  -33.4,  -29.8,  -25.3,  -20.6,  -17.0,  -14.4,  -17.5,  -21.6,  -26.0,  -30.1,  -33.5,  -25.0,  -23.2,  -21.4,  -20.7,  -21.5,  -23.3,  -25.1,  -25.8,  27.6,  29.0,  32.9,  37.1,  38.9,  37.5,  33.5,  29.1,  23.5,  26.2,  29.9,  34.5,  38.5,  41.3,  42.9,  41.2,  38.5,  35.1,  30.9,  26.6,  31.2,  33.1,  34.8,  35.5,  34.6,  32.8,  31.1,  30.4,  -34.2,  -38.7,  -40.6,  -38.9,  -34.5,  -29.7,  -28.1,  -29.8,  -33.0,  -34.9,  -36.1,  -36.7,  -36.0,  -34.4,  -32.2,  -31.3,  -31.2,  -31.2,  -31.4,  -31.9,  -32.3,  -31.6,  -32.4,  -34.3,  -36.1,  -36.8,  -36.0,  -34.1,  -28.7,  -33.1,  -35.1,  -33.4,  -29.1,  -24.6,  -22.7,  -24.1,  -26.5,  -28.8,  -30.5,  -31.1,  -30.5,  -29.3,  -27.2,  -25.6,  -24.7,  -24.4,  -24.6,  -25.1,  -26.8,  -26.0,  -26.9,  -28.9,  -30.8,  -31.5,  -30.7,  -28.7,  481.5,  482.3,  482.5,  481.8,  480.8,  480.1,  479.8,  480.4,  486.8,  484.1,  481.4,  479.7,  479.5,  480.1,  481.1,  479.7,  478.7,  479.1,  480.9,  483.8,  481.7,  481.4,  481.5,  481.8,  482.2,  482.5,  482.4,  482.1,  414.0,  415.3,  417.4,  419.0,  419.2,  417.9,  415.8,  414.3,  413.9,  413.6,  413.9,  415.3,  418.2,  421.7,  424.9,  421.6,  418.2,  415.3,  413.8,  413.6,  416.3,  417.0,  417.9,  418.5,  418.4,  417.7,  416.8,  416.2,  4.7,  6.7,  489.7,  0.139,  0.024,  0.051,  286.0,  284.6,  285.9,  289.4,  296.4,  308.4,  322.6,  340.4,  360.7,  381.0,  398.5,  414.4,  428.0,  437.4,  442.4,  445.8,  447.9,  301.2,  310.1,  323.9,  338.4,  351.4,  389.0,  402.7,  415.8,  428.2,  436.0,  369.4,  369.1,  368.7,  368.2,  349.7,  357.9,  366.5,  375.8,  383.9,  315.1,  324.3,  334.9,  344.0,  334.3,  324.0,  392.3,  401.9,  412.5,  420.4,  413.0,  402.7,  331.4,  343.5,  356.0,  364.4,  373.8,  386.3,  396.8,  385.1,  372.2,  362.0,  352.7,  341.0,  336.7,  354.9,  363.8,  373.1,  392.1,  372.3,  362.7,  353.6,  244.2,  267.3,  290.2,  312.6,  334.8,  355.2,  372.3,  386.0,  391.2,  389.3,  378.6,  363.7,  345.8,  324.7,  301.3,  276.2,  251.2,  229.9,  218.6,  215.1,  217.4,  222.7,  222.9,  217.1,  215.6,  218.9,  228.6,  244.6,  261.5,  278.3,  295.5,  301.3,  305.6,  309.3,  306.6,  303.5,  248.1,  243.7,  244.1,  249.2,  251.4,  251.2,  250.3,  245.4,  245.7,  250.2,  253.3,  253.0,  329.3,  324.1,  322.7,  325.6,  324.2,  327.5,  333.5,  347.2,  351.8,  352.0,  350.2,  343.3,  330.4,  330.6,  332.1,  331.9,  334.4,  340.1,  340.5,  338.8,  -66.5,  -68.2,  -68.0,  -65.3,  -58.7,  -47.0,  -33.4,  -17.2,  0.6,  18.5,  34.7,  49.9,  62.7,  71.1,  74.9,  77.1,  78.4,  -50.2,  -42.2,  -30.2,  -17.9,  -7.1,  23.8,  35.2,  46.2,  56.8,  63.9,  7.7,  7.4,  7.0,  6.5,  -8.5,  -1.8,  5.3,  12.9,  19.7,  -38.1,  -30.1,  -21.1,  -13.4,  -21.6,  -30.3,  27.0,  35.0,  43.9,  50.7,  44.3,  35.7,  -24.5,  -13.8,  -3.3,  3.7,  11.4,  22.0,  31.4,  21.1,  10.2,  1.7,  -6.1,  -16.0,  -19.8,  -4.2,  3.1,  10.9,  27.3,  10.3,  2.2,  -5.3,  -39.3,  -18.7,  2.0,  22.8,  43.2,  61.2,  75.4,  85.9,  89.9,  89.3,  81.6,  69.5,  53.3,  33.7,  12.1,  -10.6,  -32.9,  -49.6,  -58.7,  -61.1,  -58.6,  -53.8,  -53.5,  -58.4,  -60.0,  -57.6,  -49.9,  -35.6,  -21.6,  -7.9,  6.0,  11.0,  14.5,  17.4,  15.2,  12.7,  -33.8,  -37.3,  -36.9,  -32.5,  -30.7,  -31.0,  -31.5,  -35.6,  -35.4,  -31.7,  -29.0,  -29.2,  35.4,  30.2,  28.7,  31.0,  29.8,  33.0,  38.8,  49.8,  53.2,  53.2,  51.8,  46.5,  36.1,  35.4,  36.5,  36.4,  39.4,  43.5,  43.8,  42.5,  522.1,  526.3,  532.9,  537.7,  536.2,  530.0,  520.0,  509.3,  506.5,  512.2,  523.4,  533.1,  536.0,  533.8,  528.1,  522.4,  518.6,  495.8,  491.6,  486.9,  482.3,  478.8,  477.9,  479.1,  481.5,  484.4,  488.4,  477.3,  472.9,  468.9,  465.1,  480.1,  477.3,  475.1,  476.7,  478.7,  492.5,  489.7,  488.5,  486.8,  488.0,  489.4,  485.9,  485.8,  486.0,  487.9,  486.1,  485.7,  497.9,  486.1,  480.0,  479.0,  479.6,  486.0,  496.0,  489.1,  484.7,  483.3,  484.1,  488.7,  495.0,  482.4,  481.3,  482.0,  493.9,  485.3,  484.4,  485.5,  1.176,  0.184,  0.021,  0.051,  365.728,  295.488,  -49.315,  -6.139,  -12.303,  8.396,  -7.115,  3.630,  -1.153,  4.957,  -3.796,  -4.267,  -7.942,  -3.060,  8.865,  -1.741,  -0.418,  2.101,  -3.815,  3.021,  -5.483,  1.429,  -2.606,  0.454,  5.466,  -0.010,  0.461,  1.140,  -0.079,  -0.086,  -0.085,  -0.079,  0.233,  -0.303,  -0.059,  0.379, 0.07, 0.05, 0.54, 0.12, 0.74, 0.78, 0.00, 1.74, 1.31, 0.47, 0.04, 1.09, 0.02, 0.00, 0.13, 0.80, 0.02, 0.00, 1.00, 0.00, 0.00, 1.00, 1.00, 0.00, 1.00, 1.00, 0.00, 0.00, 1.00, 0.00, 0.00, 0.00, 0.00, 0.00, 0.00
30,  0,  1.160,  0.98,  1,  0.140701,  0.256641,  -0.956211,  -0.066099,  0.249455,  -0.966128,  0.039,  0.257,  325.4,  327.6,  332.9,  338.0,  340.2,  338.4,  332.7,  327.5,  318.5,  321.3,  325.3,  330.5,  336.2,  340.6,  343.9,  340.1,  334.9,  329.6,  324.9,  321.0,  330.7,  332.9,  335.1,  336.0,  335.1,  332.9,  330.7,  329.8,  399.6,  401.2,  406.4,  412.2,  415.1,  413.5,  408.3,  402.0,  393.9,  397.7,  402.8,  408.8,  414.0,  417.6,  419.9,  418.0,  414.8,  410.3,  404.6,  398.6,  404.6,  407.3,  409.7,  410.5,  409.1,  406.4,  403.9,  403.2,  245.9,  240.6,  238.3,  240.3,  245.5,  251.2,  253.0,  251.0,  247.9,  245.1,  243.3,  242.3,  243.2,  245.2,  248.0,  249.1,  249.3,  249.4,  249.4,  249.0,  248.2,  249.0,  248.1,  245.9,  243.7,  242.8,  243.8,  246.0,  247.0,  241.2,  238.9,  241.5,  247.5,  253.4,  255.7,  253.6,  250.0,  246.5,  244.1,  243.3,  244.5,  246.9,  250.3,  252.0,  252.6,  252.7,  252.3,  251.8,  250.4,  251.6,  250.5,  247.8,  245.0,  243.7,  244.8,  247.6,  -28.5,  -26.8,  -22.5,  -18.1,  -16.3,  -17.8,  -22.4,  -26.7,  -34.7,  -32.2,  -28.7,  -24.3,  -19.6,  -15.9,  -13.3,  -16.4,  -20.5,  -25.0,  -29.0,  -32.3,  -24.2,  -22.4,  -20.6,  -19.8,  -20.6,  -22.4,  -24.2,  -24.9,  28.0,  29.3,  33.2,  37.4,  39.5,  38.2,  34.3,  29.7,  23.9,  26.7,  30.3,  34.7,  38.6,  41.5,  43.5,  41.7,  39.1,  35.6,  31.5,  27.3,  31.7,  33.7,  35.5,  36.2,  35.2,  33.2,  31.3,  30.7,  -34.8,  -39.2,  -41.1,  -39.4,  -35.0,  -30.3,  -28.7,  -30.5,  -33.5,  -35.6,  -36.9,  -37.6,  -36.9,  -35.2,  -32.9,  -31.9,  -31.7,  -31.7,  -31.8,  -32.4,  -32.9,  -32.1,  -32.9,  -34.8,  -36.6,  -37.3,  -36.5,  -34.7,  -29.0,  -33.3,  -35.1,  -33.4,  -29.0,  -24.7,  -22.9,  -24.4,  -26.9,  -29.4,  -31.1,  -31.8,  -31.1,  -29.7,  -27.3,  -25.9,  -25.3,  -25.0,  -25.2,  -25.6,  -26.8,  -25.9,  -26.8,  -28.8,  -30.8,  -31.7,  -30.8,  -28.8,  479.9,  480.8,  480.8,  479.9,  478.6,  477.8,  477.7,  478.6,  485.2,  482.5,  479.8,  478.0,  477.6,  478.1,  478.8,  477.5,  476.6,  477.0,  479.0,  482.0,  479.8,  479.4,  479.4,  479.8,  480.3,  480.7,  480.7,  480.3,  411.5,  413.5,  415.9,  417.3,  416.8,  414.8,  412.4,  411.0,  411.0,  411.1,  411.6,  413.2,  415.8,  419.0,  422.0,  418.4,  414.8,  411.9,  410.5,  410.4,  413.4,  414.0,  415.2,  416.1,  416.3,  415.7,  414.6,  413.6,  5.7,  6.2,  488.2,  0.136,  0.035,  0.045,  287.5,  286.3,  287.7,  291.4,  298.5,  310.5,  324.6,  342.2,  362.5,  382.8,  400.2,  416.2,  429.7,  439.1,  444.0,  447.3,  449.1,  302.4,  310.9,  324.4,  338.8,  351.8,  389.9,  403.7,  416.8,  429.1,  436.6,  370.2,  369.8,  369.4,  368.9,  350.3,  358.7,  367.5,  376.9,  385.2,  316.3,  325.5,  336.1,  345.1,  335.5,  325.1,  393.1,  402.8,  413.5,  421.4,  413.9,  403.6,  332.4,  344.2,  357.0,  365.7,  375.3,  388.3,  398.8,  387.2,  374.0,  363.5,  353.8,  341.8,  337.6,  356.0,  365.1,  374.7,  394.1,  374.0,  364.1,  354.7,  243.9,  267.2,  290.2,  312.8,  335.0,  355.5,  372.8,  386.7,  391.7,  389.6,  378.6,  363.5,  345.2,  323.9,  300.3,  275.1,  249.9,  229.5,  217.9,  213.9,  215.8,  220.8,  221.3,  215.9,  215.0,  218.9,  229.1,  243.5,  260.3,  277.0,  294.1,  300.1,  304.4,  308.2,  305.3,  302.2,  247.2,  242.5,  242.9,  248.2,  250.4,  250.2,  249.4,  244.4,  244.7,  249.5,  252.4,  252.1,  328.8,  323.0,  321.4,  324.3,  322.8,  326.2,  332.7,  347.5,  352.7,  353.0,  351.2,  343.8,  329.9,  329.4,  330.9,  330.6,  333.6,  340.8,  341.3,  339.5,  -65.1,  -66.7,  -66.2,  -63.3,  -56.5,  -45.0,  -31.6,  -15.6,  2.2,  20.0,  36.1,  51.3,  63.9,  72.2,  75.9,  78.0,  79.1,  -49.0,  -41.5,  -29.7,  -17.5,  -6.7,  24.5,  36.0,  47.0,  57.4,  64.1,  8.3,  7.9,  7.5,  7.1,  -8.0,  -1.1,  6.1,  13.8,  20.6,  -36.9,  -29.0,  -20.1,  -12.4,  -20.5,  -29.3,  27.6,  35.6,  44.5,  51.3,  44.9,  36.3,  -23.6,  -13.2,  -2.5,  4.7,  12.6,  23.6,  33.0,  22.9,  11.6,  2.9,  -5.1,  -15.2,  -19.1,  -3.3,  4.2,  12.2,  28.9,  11.7,  3.4,  -4.4,  -39.6,  -18.8,  2.0,  22.9,  43.2,  61.4,  75.7,  86.3,  90.2,  89.2,  81.3,  68.9,  52.5,  32.8,  11.1,  -11.5,  -33.8,  -49.8,  -59.2,  -62.0,  -59.8,  -55.2,  -54.7,  -59.3,  -60.4,  -57.4,  -49.3,  -36.5,  -22.5,  -8.9,  4.8,  10.0,  13.4,  16.4,  14.1,  11.7,  -34.5,  -38.2,  -37.8,  -33.2,  -31.5,  -31.8,  -32.1,  -36.3,  -36.0,  -32.2,  -29.6,  -29.9,  34.9,  29.2,  27.5,  29.7,  28.5,  31.8,  38.0,  49.9,  53.8,  53.9,  52.5,  46.8,  35.6,  34.2,  35.3,  35.2,  38.6,  44.0,  44.3,  42.9,  521.5,  525.7,  532.1,  536.6,  534.8,  528.5,  518.7,  508.1,  505.2,  510.7,  521.4,  530.6,  533.1,  530.7,  524.8,  519.3,  515.8,  495.0,  490.7,  485.9,  481.3,  477.9,  477.1,  478.3,  480.5,  482.7,  486.1,  476.1,  471.4,  467.2,  463.2,  478.4,  475.4,  473.2,  474.7,  476.7,  491.1,  488.4,  487.2,  485.4,  486.7,  488.1,  484.1,  483.9,  484.0,  485.9,  484.1,  483.8,  497.1,  484.6,  478.2,  477.0,  477.5,  484.2,  494.6,  488.0,  483.1,  481.8,  482.8,  487.7,  494.5,  480.7,  479.4,  479.9,  492.6,  483.8,  483.0,  484.3,  1.179,  0.180,  0.032,  0.045,  366.983,  294.884,  -52.073,  -4.598,  -8.793,  9.523,  -8.056,  1.947,  -0.933,  4.793,  -3.433,  -4.537,  -8.954,  -3.079,  10.206,  -2.387,  -1.216,  1.688,  -2.825,  2.204,  -4.052,  1.055,  -2.507,  0.747,  4.504,  -0.476,  0.223,  1.157,  0.065,  -0.075,  -0.029,  -0.049,  0.211,  -0.169,  -0.027,  0.308, 0.07, 0.05, 0.44, 0.12, 0.82, 0.77, 0.00, 2.08, 1.52, 0.25, 0.00, 0.92, 0.00, 0.00, 0.43, 1.24, 0.02, 0.00, 1.00, 0.00, 0.00, 1.00, 1.00, 0.00, 1.00, 1.00, 0.00, 0.00, 1.00, 0.00, 0.00, 0.00, 1.00, 0.00, 0.00
31,  0,  1.200,  0.93,  1,  0.150867,  0.253252,  -0.955564,  -0.176153,  0.258501,  -0.949814,  -0.013,  0.262,  326.5,  328.8,  334.2,  339.3,  341.3,  339.4,  333.7,  328.5,  319.6,  322.3,  326.2,  331.4,  337.1,  341.5,  344.6,  340.7,  335.6,  330.2,  325.6,  322.0,  331.8,  334.0,  336.2,  337.2,  336.4,  334.2,  331.9,  330.9,  398.1,  400.5,  406.4,  412.5,  415.0,  412.6,  406.7,  400.1,  394.1,  398.4,  403.9,  410.3,  415.4,  419.0,  421.1,  419.0,  415.5,  410.8,  404.8,  398.7,  403.7,  406.2,  408.7,  409.7,  408.6,  406.1,  403.6,  402.6,  245.3,  240.0,  237.8,  239.9,  245.1,  250.8,  252.6,  250.5,  247.4,  244.5,  242.6,  241.7,  242.7,  245.0,  248.1,  248.9,  248.9,  248.8,  248.7,  248.4,  247.8,  248.6,  247.7,  245.5,  243.2,  242.4,  243.3,  245.6,  246.9,  240.6,  238.1,  240.9,  247.4,  253.8,  256.3,  253.9,  249.1,  245.6,  243.5,  242.9,  244.1,  246.2,  249.3,  251.2,  252.1,  252.2,  251.8,  251.0,  250.0,  251.2,  250.1,  247.5,  244.8,  243.6,  244.6,  247.3,  -27.4,  -25.5,  -21.2,  -16.9,  -15.2,  -16.8,  -21.4,  -25.7,  -33.4,  -31.1,  -27.7,  -23.3,  -18.7,  -15.1,  -12.5,  -15.7,  -19.9,  -24.2,  -28.1,  -31.3,  -23.1,  -21.3,  -19.4,  -18.6,  -19.4,  -21.2,  -23.0,  -23.8,  26.3,  28.1,  32.3,  36.6,  38.4,  36.7,  32.4,  27.8,  23.6,  26.5,  30.4,  34.9,  38.7,  41.5,  43.3,  41.5,  38.7,  35.2,  30.9,  26.7,  30.4,  32.1,  33.9,  34.7,  33.9,  32.1,  30.3,  29.6,  -34.9,  -39.3,  -41.2,  -39.4,  -35.0,  -30.3,  -28.8,  -30.6,  -33.6,  -35.8,  -37.2,  -37.7,  -36.9,  -35.1,  -32.5,  -31.8,  -31.8,  -31.9,  -32.1,  -32.6,  -32.9,  -32.2,  -32.9,  -34.8,  -36.6,  -37.4,  -36.6,  -34.8,  -28.4,  -32.9,  -34.8,  -32.9,  -28.3,  -23.8,  -22.0,  -23.6,  -26.9,  -29.3,  -30.8,  -31.3,  -30.7,  -29.5,  -27.4,  -25.9,  -25.1,  -24.8,  -25.0,  -25.6,  -26.4,  -25.6,  -26.4,  -28.3,  -30.2,  -31.0,  -30.2,  -28.3,  475.8,  476.7,  476.6,  475.5,  474.0,  473.3,  473.3,  474.4,  481.4,  478.7,  475.8,  473.9,  473.2,  473.4,  473.9,  472.8,  472.2,  472.9,  475.0,  478.2,  475.5,  475.0,  475.0,  475.3,  475.9,  476.4,  476.5,  476.1,  401.8,  403.0,  404.7,  405.9,  406.0,  404.8,  403.1,  402.0,  401.6,  401.3,  401.7,  403.1,  405.7,  409.2,  412.3,  409.1,  405.6,  402.7,  401.3,  401.2,  403.9,  404.4,  405.1,  405.5,  405.5,  405.0,  404.3,  403.8,  6.8,  5.5,  485.9,  0.121,  0.037,  0.043,  289.0,  287.8,  289.0,  292.5,  299.8,  312.0,  326.4,  343.8,  364.0,  384.4,  402.0,  418.1,  431.8,  441.1,  445.8,  448.6,  449.7,  303.7,  312.2,  325.7,  340.0,  352.9,  390.8,  404.6,  417.7,  429.8,  436.9,  371.4,  371.1,  370.7,  370.3,  351.2,  359.8,  368.8,  378.4,  386.8,  317.2,  326.3,  336.9,  346.1,  336.3,  325.9,  393.9,  403.7,  414.3,  422.3,  414.8,  404.4,  332.9,  344.9,  358.0,  367.1,  377.4,  390.7,  401.2,  389.5,  376.0,  364.9,  354.8,  342.5,  338.0,  357.1,  366.6,  376.8,  396.4,  376.1,  365.6,  355.8,  242.8,  266.3,  289.6,  312.7,  335.1,  355.7,  373.2,  387.3,  392.4,  390.1,  378.9,  363.6,  345.3,  323.8,  300.0,  274.6,  249.5,  229.7,  218.0,  213.7,  215.4,  220.3,  220.9,  216.1,  215.6,  220.2,  230.8,  243.0,  259.7,  276.3,  293.3,  299.2,  303.5,  307.2,  304.4,  301.4,  246.6,  241.8,  242.3,  247.9,  249.7,  249.5,  249.0,  243.9,  244.3,  249.2,  251.9,  251.5,  327.0,  320.9,  319.3,  322.1,  320.5,  323.9,  330.6,  346.1,  351.8,  352.3,  350.4,  342.6,  328.1,  327.2,  328.7,  328.3,  331.5,  340.0,  340.6,  338.8,  -63.7,  -65.4,  -65.0,  -62.3,  -55.4,  -43.6,  -30.0,  -14.1,  3.4,  21.4,  37.5,  52.9,  65.7,  73.9,  77.3,  79.0,  79.6,  -47.9,  -40.3,  -28.6,  -16.5,  -5.8,  25.3,  36.7,  47.7,  58.0,  64.3,  9.3,  8.9,  8.6,  8.1,  -7.2,  -0.2,  7.1,  14.9,  21.8,  -36.0,  -28.2,  -19.3,  -11.6,  -19.8,  -28.5,  28.2,  36.3,  45.2,  52.0,  45.5,  36.9,  -23.1,  -12.5,  -1.6,  5.8,  14.2,  25.4,  34.9,  24.7,  13.2,  4.0,  -4.3,  -14.6,  -18.6,  -2.4,  5.4,  13.8,  30.8,  13.3,  4.6,  -3.5,  -40.6,  -19.6,  1.5,  22.8,  43.3,  61.5,  75.8,  86.5,  90.4,  89.4,  81.3,  68.9,  52.4,  32.6,  10.8,  -11.9,  -34.2,  -49.6,  -59.1,  -62.0,  -60.0,  -55.6,  -55.1,  -59.2,  -59.9,  -56.3,  -47.8,  -36.8,  -22.9,  -9.4,  4.2,  9.2,  12.6,  15.6,  13.3,  10.9,  -34.9,  -38.7,  -38.2,  -33.4,  -31.9,  -32.3,  -32.4,  -36.7,  -36.3,  -32.4,  -30.0,  -30.3,  33.2,  27.2,  25.6,  27.8,  26.6,  29.8,  36.2,  48.5,  52.7,  52.9,  51.4,  45.6,  34.0,  32.2,  33.4,  33.1,  36.8,  43.0,  43.5,  42.1,  522.0,  526.3,  532.5,  536.6,  534.7,  528.0,  517.6,  506.3,  503.3,  509.0,  519.8,  529.1,  531.8,  529.6,  523.9,  518.8,  515.6,  494.2,  490.1,  485.4,  480.9,  477.6,  477.1,  478.5,  480.8,  482.7,  485.7,  475.4,  470.0,  465.0,  460.4,  476.2,  472.7,  470.2,  471.8,  473.9,  489.5,  486.8,  485.7,  483.9,  485.2,  486.5,  483.5,  483.4,  483.5,  485.3,  483.3,  483.0,  495.1,  481.9,  475.1,  473.8,  474.5,  481.8,  493.0,  485.7,  479.9,  478.4,  479.5,  484.9,  492.8,  477.6,  476.2,  477.0,  491.0,  481.0,  480.0,  481.5,  1.183,  0.165,  0.033,  0.044,  368.284,  294.236,  -46.185,  -1.458,  -3.320,  8.771,  -12.047,  1.594,  -0.464,  5.394,  -4.175,  -5.953,  -9.230,  -1.622,  11.708,  -1.936,  -1.206,  0.747,  -3.154,  1.197,  -3.064,  0.928,  -3.311,  2.120,  3.984,  0.115,  -0.026,  0.643,  0.645,  -0.331,  0.006,  0.097,  0.141,  -0.143,  -0.052,  0.201, 0.11, 0.05, 0.47, 0.12, 1.05, 0.92, 0.00, 2.61, 1.76, 0.35, 0.02, 0.77, 0.00, 0.00, 0.87, 1.49, 0.02, 0.00, 0.00, 1.00, 0.00, 1.00, 1.00, 0.00, 1.00, 1.00, 0.00, 0.00, 0.00, 0.00, 0.00, 0.00, 1.00, 0.00, 0.00
32,  0,  1.240,  0.98,  1,  0.158521,  0.238347,  -0.958155,  -0.197664,  0.262006,  -0.944607,  -0.021,  0.257,  327.9,  330.1,  335.3,  340.5,  342.7,  340.9,  335.3,  330.1,  320.3,  323.3,  327.5,  332.9,  338.5,  342.7,  345.7,  342.0,  337.1,  331.8,  327.1,  323.1,  333.1,  335.3,  337.5,  338.4,  337.5,  335.3,  333.1,  332.2,  399.3,  401.9,  408.0,  413.9,  416.1,  413.5,  407.4,  401.0,  395.6,  399.8,  405.2,  411.6,  417.0,  420.6,  422.8,  420.6,  416.9,  412.1,  406.1,  400.0,  404.8,  407.2,  409.7,  410.8,  409.9,  407.5,  405.0,  403.9,  244.6,  239.4,  237.3,  239.4,  244.5,  250.2,  251.9,  249.8,  246.8,  244.0,  242.1,  241.2,  242.2,  244.3,  247.5,  248.4,  248.4,  248.4,  248.2,  247.8,  247.1,  248.0,  247.0,  244.9,  242.7,  241.8,  242.7,  244.9,  246.4,  240.2,  238.0,  241.0,  247.5,  253.7,  255.9,  253.3,  248.7,  245.1,  242.9,  242.3,  243.6,  245.9,  249.3,  250.9,  251.6,  251.7,  251.2,  250.5,  249.5,  250.8,  249.9,  247.3,  244.7,  243.4,  244.3,  246.9,  -26.7,  -24.9,  -20.6,  -16.2,  -14.4,  -15.9,  -20.5,  -24.8,  -33.3,  -30.7,  -27.0,  -22.5,  -17.8,  -14.3,  -11.9,  -14.9,  -18.9,  -23.3,  -27.3,  -30.8,  -22.4,  -20.5,  -18.7,  -18.0,  -18.7,  -20.6,  -22.4,  -23.1,  27.5,  29.4,  33.8,  38.0,  39.6,  37.6,  33.3,  28.7,  24.9,  27.8,  31.6,  36.2,  40.2,  43.1,  45.0,  43.1,  40.2,  36.5,  32.2,  28.0,  31.5,  33.2,  35.0,  35.8,  35.2,  33.4,  31.6,  30.8,  -36.1,  -40.5,  -42.4,  -40.5,  -36.2,  -31.4,  -29.9,  -31.7,  -34.6,  -36.8,  -38.2,  -38.8,  -38.0,  -36.3,  -33.7,  -32.9,  -32.8,  -32.8,  -33.0,  -33.5,  -34.1,  -33.3,  -34.1,  -35.9,  -37.8,  -38.6,  -37.8,  -35.9,  -29.1,  -33.5,  -35.2,  -33.2,  -28.6,  -24.2,  -22.5,  -24.3,  -27.5,  -30.0,  -31.5,  -32.0,  -31.3,  -29.9,  -27.7,  -26.4,  -25.7,  -25.4,  -25.7,  -26.2,  -27.0,  -26.2,  -26.9,  -28.7,  -30.5,  -31.4,  -30.7,  -28.9,  483.5,  484.7,  485.2,  484.7,  483.5,  482.5,  481.9,  482.4,  488.1,  485.8,  483.4,  482.1,  482.1,  482.7,  483.5,  482.1,  480.9,  481.0,  482.6,  485.3,  483.8,  483.6,  483.8,  484.3,  484.8,  485.0,  484.8,  484.3,  406.6,  407.6,  409.0,  410.0,  410.0,  409.0,  407.6,  406.7,  406.4,  406.1,  406.3,  407.6,  410.1,  413.5,  416.5,  413.3,  409.9,  407.2,  405.9,  405.9,  408.4,  408.8,  409.4,  409.8,  409.8,  409.4,  408.8,  408.4,  8.0,  5.0,  484.7,  0.115,  0.044,  0.039,  290.1,  289.1,  290.4,  293.9,  301.2,  313.4,  327.8,  345.3,  365.8,  386.6,  404.4,  420.6,  434.2,  443.3,  447.7,  450.3,  451.3,  304.5,  313.2,  326.7,  341.0,  353.9,  391.7,  405.5,  418.7,  430.9,  438.2,  372.5,  372.1,  371.8,  371.3,  351.9,  360.8,  370.1,  379.9,  388.5,  318.3,  327.6,  338.2,  347.5,  337.5,  327.2,  395.1,  405.1,  415.8,  423.8,  416.2,  405.8,  333.2,  345.5,  359.2,  368.8,  379.5,  393.5,  404.6,  392.6,  378.5,  366.8,  356.3,  343.2,  338.3,  358.5,  368.3,  379.1,  399.7,  378.5,  367.4,  357.2,  242.8,  266.6,  290.1,  313.3,  335.6,  356.1,  373.4,  387.6,  392.7,  390.4,  379.2,  364.0,  345.4,  323.6,  299.5,  274.1,  248.9,  229.3,  217.5,  213.3,  215.0,  220.0,  220.7,  215.9,  215.5,  220.0,  230.6,  242.5,  259.1,  275.5,  292.4,  298.0,  302.4,  306.2,  303.2,  300.1,  246.1,  241.3,  241.8,  247.4,  249.1,  248.8,  248.7,  243.5,  243.9,  248.8,  251.3,  251.0,  325.0,  318.6,  317.2,  320.0,  318.3,  321.5,  328.4,  345.2,  351.9,  352.5,  350.6,  342.2,  326.1,  324.9,  326.4,  325.9,  329.3,  340.2,  341.0,  339.1,  -62.8,  -64.2,  -63.7,  -60.9,  -53.9,  -42.2,  -28.6,  -12.7,  5.0,  23.2,  39.6,  55.0,  67.6,  75.6,  78.7,  80.3,  80.9,  -47.1,  -39.5,  -27.8,  -15.7,  -5.0,  25.9,  37.4,  48.4,  58.8,  65.2,  10.2,  9.8,  9.4,  8.9,  -6.6,  0.6,  8.2,  16.1,  23.2,  -35.1,  -27.1,  -18.2,  -10.4,  -18.7,  -27.5,  29.2,  37.4,  46.3,  53.2,  46.6,  38.0,  -22.9,  -12.0,  -0.6,  7.1,  15.9,  27.7,  37.8,  27.2,  15.2,  5.6,  -3.1,  -14.0,  -18.4,  -1.2,  6.8,  15.6,  33.5,  15.3,  6.1,  -2.3,  -40.6,  -19.4,  2.0,  23.3,  43.7,  61.7,  76.0,  86.5,  90.4,  89.4,  81.4,  68.9,  52.3,  32.3,  10.3,  -12.4,  -34.6,  -49.9,  -59.4,  -62.4,  -60.4,  -55.8,  -55.2,  -59.3,  -59.9,  -56.4,  -47.8,  -37.1,  -23.3,  -10.0,  3.5,  8.2,  11.7,  14.7,  12.3,  9.8,  -35.3,  -39.1,  -38.6,  -33.7,  -32.4,  -32.8,  -32.6,  -36.9,  -36.6,  -32.7,  -30.4,  -30.7,  31.5,  25.4,  23.8,  26.0,  24.7,  27.7,  34.2,  47.7,  52.6,  52.9,  51.5,  45.2,  32.3,  30.2,  31.3,  31.0,  34.9,  43.1,  43.7,  42.3,  522.4,  526.2,  531.7,  535.3,  533.7,  527.2,  516.8,  504.9,  501.8,  507.4,  518.3,  527.5,  529.9,  527.5,  521.7,  517.3,  514.8,  494.1,  489.8,  485.1,  480.4,  476.9,  476.3,  477.9,  480.0,  481.8,  484.5,  474.7,  469.1,  464.0,  459.3,  475.0,  471.3,  468.7,  470.3,  472.5,  489.0,  486.3,  485.3,  483.5,  484.7,  485.9,  482.7,  482.6,  482.7,  484.3,  482.3,  482.1,  495.3,  481.3,  473.8,  472.3,  473.0,  480.7,  492.5,  484.9,  478.4,  477.0,  478.2,  484.3,  493.4,  476.1,  474.5,  475.3,  490.7,  480.0,  479.0,  480.7,  1.185,  0.158,  0.040,  0.039,  369.786,  293.624,  -46.854,  -1.253,  3.060,  6.259,  -13.205,  0.736,  -0.976,  6.205,  -5.002,  -6.506,  -9.321,  -2.060,  11.095,  -1.480,  -1.570,  -0.009,  -2.242,  0.616,  -3.025,  1.537,  -2.642,  2.659,  3.042,  -0.237,  0.209,  0.851,  0.444,  -0.389,  0.039,  0.021,  0.132,  -0.097,  -0.076,  0.210, 0.04, 0.00, 0.42, 0.00, 1.38, 1.51, 0.00, 3.08, 2.13, 0.71, 0.02, 0.59, 0.00, 0.00, 1.43, 1.40, 0.00, 0.00, 0.00, 0.00, 0.00, 1.00, 1.00, 0.00, 1.00, 1.00, 0.00, 0.00, 0.00, 0.00, 0.00, 1.00, 1.00, 0.00, 0.00
33,  0,  1.280,  0.93,  1,  0.154627,  0.251650,  -0.955386,  -0.165358,  0.257528,  -0.952017,  -0.006,  0.261,  329.7,  331.7,  336.8,  341.9,  344.1,  342.3,  336.9,  331.8,  321.9,  324.9,  329.1,  334.4,  339.9,  344.1,  347.0,  343.5,  338.7,  333.6,  328.8,  324.8,  334.7,  336.8,  339.0,  339.9,  339.0,  336.8,  334.7,  333.8,  401.3,  403.8,  409.8,  415.7,  418.1,  415.6,  409.6,  403.2,  397.0,  401.1,  406.5,  412.9,  418.3,  422.0,  424.3,  422.0,  418.4,  413.5,  407.5,  401.5,  406.8,  409.3,  411.8,  412.9,  411.9,  409.4,  406.9,  405.8,  244.7,  239.6,  237.4,  239.6,  244.7,  250.2,  251.9,  249.8,  246.6,  243.8,  242.0,  241.2,  242.1,  244.2,  247.3,  248.3,  248.5,  248.5,  248.3,  247.8,  247.1,  248.0,  247.1,  244.9,  242.7,  241.8,  242.7,  244.9,  246.3,  240.1,  237.8,  240.7,  247.2,  253.4,  255.7,  253.3,  248.9,  245.3,  243.0,  242.4,  243.6,  245.7,  249.0,  250.7,  251.4,  251.6,  251.2,  250.5,  249.5,  250.7,  249.7,  247.1,  244.4,  243.1,  244.1,  246.7,  -25.7,  -24.0,  -19.7,  -15.3,  -13.5,  -15.0,  -19.5,  -23.9,  -32.6,  -29.9,  -26.1,  -21.6,  -17.0,  -13.5,  -11.0,  -14.0,  -17.9,  -22.3,  -26.4,  -30.0,  -21.5,  -19.6,  -17.8,  -17.1,  -17.8,  -19.7,  -21.5,  -22.3,  29.0,  30.8,  35.1,  39.4,  41.1,  39.2,  34.9,  30.3,  25.9,  28.8,  32.6,  37.2,  41.2,  44.1,  46.1,  44.1,  41.2,  37.5,  33.2,  29.0,  32.9,  34.7,  36.6,  37.4,  36.6,  34.8,  33.0,  32.2,  -36.7,  -41.1,  -43.0,  -41.1,  -36.7,  -32.0,  -30.5,  -32.3,  -35.4,  -37.6,  -38.9,  -39.6,  -38.8,  -37.1,  -34.5,  -33.6,  -33.3,  -33.3,  -33.6,  -34.2,  -34.7,  -33.9,  -34.7,  -36.6,  -38.5,  -39.2,  -38.4,  -36.6,  -29.2,  -33.6,  -35.4,  -33.4,  -28.9,  -24.4,  -22.7,  -24.3,  -27.4,  -29.9,  -31.5,  -32.0,  -31.4,  -30.1,  -28.0,  -26.6,  -25.8,  -25.5,  -25.7,  -26.2,  -27.1,  -26.3,  -27.0,  -28.9,  -30.8,  -31.7,  -30.9,  -29.0,  492.3,  493.3,  493.8,  493.6,  492.7,  492.0,  491.2,  491.5,  496.9,  494.5,  492.2,  490.9,  491.1,  492.0,  493.1,  491.5,  490.2,  490.1,  491.6,  494.1,  492.9,  492.8,  493.0,  493.4,  493.8,  493.9,  493.7,  493.3,  407.1,  408.2,  409.8,  410.9,  411.0,  409.8,  408.3,  407.3,  407.0,  406.6,  406.9,  408.1,  410.5,  413.9,  416.9,  413.8,  410.3,  407.7,  406.5,  406.5,  409.0,  409.5,  410.2,  410.6,  410.6,  410.2,  409.5,  409.0,  9.4,  5.1,  484.3,  0.132,  0.056,  0.032,  291.6,  290.6,  291.9,  295.5,  303.1,  315.4,  329.8,  347.0,  367.5,  388.4,  406.4,  422.9,  436.8,  446.1,  450.4,  452.8,  453.7,  305.7,  314.5,  327.9,  342.2,  355.1,  393.1,  407.1,  420.3,  432.5,  439.8,  373.9,  373.4,  373.0,  372.6,  352.9,  362.0,  371.5,  381.5,  390.4,  319.8,  329.2,  339.8,  349.0,  339.0,  328.7,  396.6,  406.5,  417.1,  425.3,  417.6,  407.3,  333.2,  345.9,  360.6,  370.5,  381.9,  396.8,  408.5,  396.2,  381.2,  368.8,  357.7,  343.6,  338.4,  359.9,  370.2,  381.6,  403.7,  381.2,  369.3,  358.6,  243.3,  267.2,  290.9,  314.1,  336.4,  356.9,  374.5,  389.0,  394.2,  391.5,  379.5,  363.6,  344.8,  322.8,  298.8,  273.7,  248.8,  229.3,  217.8,  213.6,  215.0,  220.0,  220.8,  216.1,  215.9,  220.6,  231.1,  242.7,  259.1,  275.3,  292.0,  297.5,  301.9,  305.9,  302.6,  299.4,  246.1,  241.2,  241.8,  247.5,  249.0,  248.6,  248.8,  243.5,  243.9,  248.8,  251.1,  250.8,  323.3,  316.9,  315.8,  318.6,  316.9,  319.6,  326.2,  345.6,  353.7,  354.6,  352.6,  343.2,  324.5,  323.3,  324.8,  324.1,  327.4,  342.0,  343.0,  341.1,  -61.4,  -62.7,  -62.1,  -59.3,  -52.2,  -40.4,  -26.9,  -11.3,  6.5,  24.8,  41.3,  56.9,  69.6,  77.5,  80.6,  82.1,  82.6,  -46.0,  -38.2,  -26.7,  -14.6,  -4.0,  27.0,  38.5,  49.6,  59.8,  66.2,  11.3,  10.8,  10.4,  9.9,  -5.8,  1.6,  9.3,  17.4,  24.6,  -33.7,  -25.7,  -16.8,  -9.1,  -17.4,  -26.1,  30.2,  38.4,  47.2,  54.1,  47.5,  39.0,  -22.9,  -11.7,  0.5,  8.5,  17.8,  30.4,  41.2,  30.3,  17.5,  7.2,  -1.9,  -13.7,  -18.5,  -0.0,  8.3,  17.6,  37.0,  17.5,  7.7,  -1.1,  -40.1,  -18.8,  2.7,  24.0,  44.4,  62.4,  77.0,  87.9,  91.9,  90.4,  81.5,  68.4,  51.4,  31.3,  9.6,  -12.7,  -34.5,  -49.7,  -59.0,  -61.9,  -60.1,  -55.6,  -54.9,  -58.9,  -59.3,  -55.6,  -47.2,  -36.8,  -23.2,  -10.1,  3.2,  7.8,  11.3,  14.4,  11.8,  9.3,  -35.1,  -39.0,  -38.5,  -33.6,  -32.4,  -32.8,  -32.4,  -36.8,  -36.5,  -32.5,  -30.5,  -30.7,  30.2,  24.0,  22.7,  24.8,  23.5,  26.1,  32.5,  48.2,  54.2,  54.8,  53.3,  46.1,  31.1,  28.9,  30.0,  29.5,  33.4,  44.7,  45.4,  44.0,  521.5,  525.3,  530.7,  534.4,  533.0,  527.0,  517.5,  505.9,  502.7,  507.6,  517.5,  525.4,  526.7,  523.8,  517.9,  514.3,  512.4,  492.7,  488.2,  483.4,  478.6,  475.2,  474.4,  476.0,  478.0,  479.7,  482.1,  472.9,  467.6,  462.7,  458.2,  474.0,  470.2,  467.5,  469.0,  471.2,  487.5,  484.7,  483.7,  482.1,  483.3,  484.3,  480.9,  480.6,  480.4,  481.9,  480.0,  479.9,  497.2,  482.0,  473.5,  471.8,  472.4,  480.4,  493.2,  486.2,  479.4,  478.2,  479.5,  486.2,  495.8,  475.9,  474.1,  474.8,  491.8,  480.9,  480.0,  481.9,  1.187,  0.173,  0.052,  0.033,  371.512,  293.606,  -53.360,  -0.522,  12.229,  3.356,  -12.306,  -1.145,  -0.967,  5.408,  -4.744,  -6.058,  -9.249,  -1.489,  10.516,  -1.391,  -1.270,  -0.760,  -1.955,  -0.101,  -2.200,  1.530,  -1.788,  2.477,  2.218,  -0.166,  0.240,  0.787,  0.522,  -0.258,  0.027,  0.066,  0.081,  -0.105,  -0.053,  0.187, 0.04, 0.00, 0.61, 0.18, 1.70, 1.96, 0.00, 3.40, 2.42, 0.98, 0.05, 0.45, 0.00, 0.00, 2.01, 1.20, 0.00, 0.00, 0.00, 0.00, 0.00, 1.00, 1.00, 0.00, 1.00, 1.00, 0.00, 0.00, 0.00, 0.00, 0.00, 1.00, 1.00, 0.00, 0.00
34,  0,  1.320,  0.93,  1,  0.162532,  0.253511,  -0.953580,  -0.168104,  0.259515,  -0.950996,  -0.003,  0.263,  330.9,  333.1,  338.3,  343.6,  345.7,  343.9,  338.3,  333.1,  323.1,  326.0,  330.3,  335.7,  341.4,  345.7,  348.7,  345.0,  340.1,  334.7,  329.9,  325.8,  336.1,  338.3,  340.5,  341.5,  340.5,  338.3,  336.1,  335.2,  403.1,  405.3,  411.1,  417.2,  419.9,  417.7,  411.8,  405.3,  398.9,  403.0,  408.3,  414.6,  420.0,  423.9,  426.3,  424.0,  420.3,  415.4,  409.4,  403.5,  408.7,  411.3,  413.7,  414.7,  413.5,  411.0,  408.5,  407.6,  245.4,  240.2,  238.0,  240.1,  245.3,  251.0,  252.7,  250.6,  247.5,  244.5,  242.6,  241.6,  242.7,  244.9,  248.2,  249.0,  249.0,  249.0,  248.8,  248.5,  247.9,  248.8,  247.8,  245.6,  243.5,  242.6,  243.5,  245.7,  247.0,  240.7,  238.2,  240.9,  247.2,  253.5,  256.0,  253.8,  249.4,  245.7,  243.4,  242.7,  243.9,  246.1,  249.4,  251.1,  251.9,  252.0,  251.7,  251.1,  249.9,  251.1,  250.0,  247.4,  244.8,  243.6,  244.7,  247.3,  -24.0,  -22.2,  -17.9,  -13.5,  -11.7,  -13.2,  -17.8,  -22.1,  -30.7,  -28.1,  -24.5,  -19.9,  -15.3,  -11.8,  -9.3,  -12.3,  -16.3,  -20.7,  -24.8,  -28.3,  -19.7,  -17.8,  -16.0,  -15.3,  -16.1,  -17.9,  -19.7,  -20.4,  30.3,  32.0,  36.3,  40.7,  42.6,  40.9,  36.6,  31.9,  27.4,  30.2,  34.0,  38.6,  42.6,  45.7,  47.8,  45.8,  42.8,  39.1,  34.7,  30.6,  34.5,  36.3,  38.1,  38.8,  38.0,  36.2,  34.4,  33.7,  -35.1,  -39.5,  -41.3,  -39.5,  -35.1,  -30.4,  -29.0,  -30.7,  -33.7,  -36.0,  -37.4,  -38.1,  -37.2,  -35.4,  -32.8,  -32.0,  -32.0,  -32.0,  -32.2,  -32.7,  -33.1,  -32.3,  -33.1,  -34.9,  -36.8,  -37.5,  -36.8,  -34.9,  -28.9,  -33.4,  -35.3,  -33.5,  -29.0,  -24.5,  -22.6,  -24.1,  -27.2,  -29.8,  -31.4,  -32.0,  -31.3,  -30.0,  -27.8,  -26.4,  -25.6,  -25.3,  -25.5,  -26.0,  -26.9,  -26.2,  -27.0,  -28.8,  -30.7,  -31.5,  -30.7,  -28.8,  478.7,  479.8,  480.2,  479.7,  478.5,  477.6,  476.9,  477.5,  483.7,  481.3,  478.8,  477.4,  477.3,  477.9,  478.7,  477.2,  476.1,  476.2,  477.9,  480.7,  478.9,  478.7,  478.9,  479.4,  479.9,  480.1,  479.9,  479.4,  409.6,  410.9,  412.5,  413.4,  413.1,  411.9,  410.3,  409.5,  409.4,  409.1,  409.3,  410.5,  412.8,  416.0,  418.8,  415.7,  412.3,  409.7,  408.6,  408.8,  411.3,  411.7,  412.4,  412.9,  413.0,  412.6,  412.0,  411.4,  10.8,  5.5,  481.6,  0.145,  0.054,  0.027,  292.8,  291.8,  292.9,  296.4,  304.1,  316.5,  331.3,  349.2,  370.2,  391.3,  409.2,  425.5,  439.1,  448.1,  452.2,  454.4,  455.1,  307.1,  315.7,  329.2,  343.7,  356.5,  394.5,  408.5,  422.0,  434.3,  441.4,  375.3,  374.9,  374.6,  374.3,  354.2,  363.6,  373.3,  383.5,  392.5,  321.0,  330.5,  341.1,  350.5,  340.4,  330.1,  398.2,  408.4,  419.1,  427.3,  419.6,  409.2,  334.2,  347.1,  362.3,  372.5,  384.2,  399.7,  411.7,  399.3,  383.9,  371.1,  359.7,  344.9,  339.4,  361.7,  372.3,  383.9,  406.8,  383.7,  371.5,  360.5,  243.7,  267.6,  291.1,  314.2,  336.6,  357.4,  375.6,  390.7,  395.9,  392.6,  380.1,  363.7,  344.5,  322.4,  298.5,  273.4,  248.6,  230.1,  218.2,  213.8,  215.2,  220.4,  220.9,  216.0,  215.8,  220.7,  231.5,  243.3,  259.8,  276.0,  292.6,  298.0,  302.5,  306.5,  303.0,  299.7,  246.9,  241.9,  242.4,  248.3,  249.6,  249.2,  249.3,  243.9,  244.2,  249.1,  251.4,  251.2,  323.2,  316.7,  315.7,  318.4,  316.6,  319.0,  325.8,  346.6,  355.6,  356.7,  354.8,  344.7,  324.4,  323.1,  324.6,  323.8,  327.0,  344.0,  345.2,  343.2,  -59.8,  -61.2,  -60.8,  -58.0,  -51.0,  -39.3,  -25.5,  -9.4,  8.8,  27.3,  43.7,  59.0,  71.3,  79.0,  81.7,  83.0,  83.4,  -44.5,  -36.9,  -25.4,  -13.4,  -2.8,  28.0,  39.4,  50.6,  60.9,  67.1,  12.4,  11.9,  11.6,  11.2,  -4.7,  2.9,  10.7,  18.9,  26.2,  -32.5,  -24.4,  -15.6,  -7.8,  -16.2,  -24.8,  31.4,  39.7,  48.5,  55.4,  48.9,  40.3,  -22.0,  -10.7,  1.8,  10.1,  19.5,  32.6,  43.7,  32.7,  19.6,  9.1,  -0.2,  -12.6,  -17.5,  1.4,  9.9,  19.4,  39.4,  19.5,  9.5,  0.4,  -39.4,  -18.3,  2.8,  23.9,  44.3,  62.7,  77.8,  89.2,  93.2,  91.2,  81.7,  68.2,  51.0,  30.8,  9.3,  -12.9,  -34.5,  -48.7,  -58.2,  -61.2,  -59.5,  -54.9,  -54.3,  -58.5,  -58.9,  -55.2,  -46.5,  -36.1,  -22.5,  -9.5,  3.6,  8.1,  11.6,  14.8,  12.0,  9.4,  -34.2,  -38.2,  -37.7,  -32.7,  -31.7,  -32.1,  -31.8,  -36.2,  -36.0,  -32.0,  -30.0,  -30.2,  30.0,  23.7,  22.4,  24.5,  23.1,  25.5,  31.9,  48.9,  55.5,  56.3,  54.9,  47.3,  30.9,  28.6,  29.7,  29.1,  32.9,  46.1,  47.0,  45.6,  517.3,  521.2,  526.6,  530.6,  530.2,  525.0,  516.2,  504.8,  501.6,  506.6,  515.9,  523.3,  524.2,  521.0,  514.8,  511.4,  509.4,  488.9,  484.4,  479.5,  474.7,  471.7,  470.8,  472.3,  474.4,  476.4,  479.0,  469.5,  464.2,  459.5,  455.1,  470.9,  467.2,  464.5,  466.2,  468.4,  484.0,  481.3,  480.4,  478.8,  480.0,  481.0,  477.5,  477.2,  477.2,  478.7,  476.7,  476.6,  495.2,  479.2,  470.3,  468.5,  469.3,  477.7,  491.3,  484.6,  477.6,  476.3,  477.5,  484.2,  494.0,  472.7,  471.0,  471.7,  490.0,  479.1,  478.2,  480.0,  1.194,  0.187,  0.046,  0.028,  373.310,  294.075,  -54.794,  -0.886,  16.658,  3.474,  -13.621,  -3.923,  -1.398,  5.807,  -5.522,  -5.867,  -9.419,  -2.022,  10.188,  -1.454,  -1.271,  -0.811,  -2.169,  0.590,  -1.707,  2.514,  -1.658,  3.064,  1.739,  -0.537,  0.480,  0.851,  0.457,  -0.247,  0.011,  -0.009,  0.078,  -0.125,  -0.089,  0.210, 0.00, 0.00, 0.63, 0.22, 1.89, 2.19, 0.00, 3.49, 2.70, 1.12, 0.03, 0.49, 0.01, 0.00, 2.38, 1.11, 0.00, 0.00, 0.00, 0.00, 0.00, 1.00, 1.00, 0.00, 1.00, 1.00, 0.00, 0.00, 0.00, 0.00, 0.00, 1.00, 1.00, 0.00, 0.00
35,  0,  1.360,  0.98,  1,  0.151885,  0.247305,  -0.956959,  -0.188891,  0.266605,  -0.945115,  -0.019,  0.264,  332.0,  334.4,  340.0,  345.4,  347.6,  345.6,  339.7,  334.2,  324.4,  327.3,  331.6,  337.2,  343.2,  347.7,  350.9,  346.9,  341.6,  336.1,  331.1,  327.1,  337.5,  339.9,  342.2,  343.2,  342.3,  340.0,  337.6,  336.6,  404.4,  406.7,  412.6,  418.7,  421.4,  419.1,  413.2,  406.6,  400.4,  404.6,  410.0,  416.5,  421.8,  425.4,  427.6,  425.6,  422.1,  417.3,  411.3,  405.1,  410.1,  412.6,  415.0,  415.9,  414.9,  412.4,  410.0,  409.0,  246.3,  240.7,  238.4,  240.6,  246.1,  252.1,  253.9,  251.7,  248.7,  245.5,  243.3,  242.3,  243.4,  245.9,  249.4,  250.1,  250.0,  250.0,  249.9,  249.6,  248.9,  249.8,  248.8,  246.4,  244.1,  243.2,  244.2,  246.5,  248.0,  241.6,  239.1,  241.9,  248.4,  254.8,  257.4,  255.1,  250.6,  246.8,  244.3,  243.4,  244.7,  246.9,  250.4,  252.1,  253.0,  253.2,  252.9,  252.3,  251.0,  252.2,  251.1,  248.5,  245.8,  244.7,  245.7,  248.3,  -21.9,  -20.0,  -15.7,  -11.4,  -9.7,  -11.2,  -15.8,  -20.1,  -28.1,  -25.7,  -22.2,  -17.8,  -13.1,  -9.5,  -7.1,  -10.2,  -14.2,  -18.6,  -22.5,  -25.8,  -17.5,  -15.7,  -13.9,  -13.1,  -13.9,  -15.7,  -17.5,  -18.3,  30.3,  32.0,  36.2,  40.5,  42.3,  40.6,  36.4,  31.8,  27.5,  30.3,  34.1,  38.6,  42.6,  45.5,  47.3,  45.5,  42.8,  39.2,  34.9,  30.7,  34.3,  36.1,  37.8,  38.5,  37.8,  36.0,  34.3,  33.6,  -32.6,  -37.0,  -38.8,  -37.1,  -32.7,  -27.9,  -26.5,  -28.2,  -31.1,  -33.4,  -34.9,  -35.6,  -34.7,  -32.8,  -30.0,  -29.4,  -29.5,  -29.5,  -29.7,  -30.2,  -30.6,  -29.8,  -30.6,  -32.5,  -34.3,  -35.1,  -34.3,  -32.4,  -27.3,  -31.7,  -33.6,  -31.8,  -27.3,  -22.8,  -21.0,  -22.5,  -25.5,  -28.1,  -29.8,  -30.5,  -29.9,  -28.6,  -26.4,  -24.9,  -24.1,  -23.8,  -23.9,  -24.3,  -25.4,  -24.6,  -25.3,  -27.2,  -29.0,  -29.8,  -29.0,  -27.2,  454.1,  455.1,  455.2,  454.3,  452.9,  452.1,  451.8,  452.7,  459.3,  456.8,  454.1,  452.3,  451.9,  452.2,  452.8,  451.6,  450.8,  451.3,  453.2,  456.2,  454.0,  453.6,  453.6,  454.1,  454.6,  455.0,  455.0,  454.5,  396.5,  397.7,  399.4,  400.6,  400.6,  399.4,  397.7,  396.6,  396.1,  395.9,  396.3,  397.8,  400.4,  403.9,  407.0,  403.7,  400.1,  397.3,  395.9,  395.7,  398.5,  399.0,  399.7,  400.2,  400.2,  399.7,  399.0,  398.5,  12.1,  6.4,  480.6,  0.161,  0.061,  0.026,  294.5,  293.4,  294.4,  297.8,  305.4,  317.9,  332.5,  350.3,  371.2,  392.4,  410.6,  427.3,  441.2,  450.5,  454.8,  456.8,  457.5,  308.8,  317.7,  331.1,  345.4,  358.0,  396.1,  410.0,  423.3,  435.6,  442.9,  376.9,  376.5,  376.1,  375.8,  355.6,  365.0,  374.8,  385.0,  394.1,  322.5,  332.1,  342.8,  352.1,  342.0,  331.5,  399.8,  410.0,  420.7,  429.0,  421.3,  410.8,  335.2,  348.3,  363.9,  374.1,  385.9,  401.7,  414.0,  401.3,  385.5,  372.7,  361.2,  346.0,  340.4,  363.3,  373.8,  385.6,  409.1,  385.4,  373.1,  362.0,  244.5,  268.2,  291.7,  314.7,  337.2,  358.2,  376.7,  392.5,  397.9,  394.4,  381.3,  364.4,  344.9,  322.6,  298.7,  273.8,  249.2,  230.8,  219.3,  215.2,  216.6,  221.7,  222.3,  217.6,  217.4,  222.2,  232.8,  244.7,  261.0,  277.0,  293.6,  299.0,  303.6,  307.6,  304.1,  300.8,  247.8,  242.6,  243.2,  249.4,  250.7,  250.2,  250.5,  244.8,  245.1,  250.2,  252.5,  252.4,  323.4,  317.2,  316.4,  319.1,  317.3,  319.5,  326.0,  347.8,  357.4,  358.6,  356.7,  346.1,  324.7,  323.7,  325.3,  324.4,  327.3,  345.8,  347.1,  345.1,  -58.1,  -59.6,  -59.2,  -56.6,  -49.7,  -38.1,  -24.4,  -8.5,  9.7,  28.3,  44.8,  60.4,  72.9,  80.8,  83.6,  84.9,  85.1,  -42.8,  -35.0,  -23.7,  -11.9,  -1.6,  29.1,  40.5,  51.4,  61.6,  67.9,  13.6,  13.1,  12.7,  12.3,  -3.5,  4.0,  11.8,  20.0,  27.4,  -31.1,  -23.0,  -14.2,  -6.5,  -14.8,  -23.5,  32.6,  40.8,  49.6,  56.6,  50.0,  41.5,  -21.1,  -9.7,  3.1,  11.4,  20.9,  34.2,  45.6,  34.5,  21.0,  10.4,  1.0,  -11.7,  -16.7,  2.7,  11.2,  20.8,  41.4,  21.0,  10.8,  1.7,  -38.6,  -17.7,  3.3,  24.3,  44.8,  63.5,  79.0,  91.0,  95.0,  92.8,  82.7,  68.6,  51.1,  30.9,  9.5,  -12.5,  -33.9,  -47.9,  -56.9,  -59.8,  -58.0,  -53.6,  -53.0,  -57.0,  -57.3,  -53.6,  -45.2,  -34.9,  -21.5,  -8.6,  4.4,  8.9,  12.5,  15.6,  12.9,  10.3,  -33.4,  -37.4,  -36.8,  -31.6,  -30.7,  -31.1,  -30.6,  -35.3,  -35.1,  -31.0,  -29.0,  -29.1,  30.2,  24.1,  22.9,  25.0,  23.6,  25.8,  32.1,  49.9,  57.0,  57.8,  56.4,  48.4,  31.2,  29.0,  30.1,  29.5,  33.1,  47.6,  48.6,  47.1,  515.7,  519.7,  525.1,  529.3,  529.4,  525.1,  517.5,  506.4,  502.8,  506.9,  515.2,  521.9,  522.2,  518.8,  512.8,  509.6,  507.6,  486.4,  481.9,  477.1,  472.5,  469.8,  469.0,  470.4,  472.3,  474.0,  476.2,  467.5,  462.4,  457.8,  453.5,  469.6,  465.7,  463.1,  464.6,  466.8,  482.2,  479.2,  478.3,  476.8,  478.1,  479.1,  475.6,  475.1,  475.0,  476.5,  474.5,  474.5,  495.4,  478.7,  469.3,  467.5,  468.2,  476.8,  490.9,  484.7,  477.5,  476.3,  477.7,  484.6,  494.4,  471.9,  470.0,  470.6,  489.8,  478.9,  478.1,  479.9,  1.197,  0.205,  0.051,  0.027,  374.918,  295.097,  -56.818,  -1.096,  20.422,  2.776,  -14.175,  -5.238,  -0.852,  4.588,  -5.521,  -5.802,  -8.686,  0.264,  9.410,  -1.820,  -1.122,  -1.907,  -1.801,  0.401,  -0.976,  2.626,  -1.758,  3.071,  1.234,  -0.236,  0.556,  0.564,  0.647,  -0.157,  -0.063,  -0.039,  0.029,  -0.004,  -0.084,  0.147, 0.00, 0.00, 0.59, 0.36, 1.95, 2.07, 0.00, 3.52, 2.84, 1.12, 0.03, 0.53, 0.01, 0.00, 2.64, 1.15, 0.00, 0.00, 0.00, 1.00, 0.00, 1.00, 1.00, 0.00, 1.00, 1.00, 1.00, 0.00, 0.00, 0.00, 0.00, 1.00, 1.00, 0.00, 0.00
36,  0,  1.400,  0.98,  1,  0.139676,  0.253613,  -0.957168,  -0.179913,  0.253642,  -0.950419,  -0.021,  0.260,  333.2,  335.7,  341.3,  346.9,  349.0,  347.0,  341.0,  335.4,  325.6,  328.7,  333.1,  338.7,  344.6,  349.3,  352.5,  348.4,  343.2,  337.6,  332.5,  328.4,  338.8,  341.2,  343.6,  344.6,  343.7,  341.3,  338.9,  337.9,  406.3,  408.6,  414.6,  420.6,  423.2,  420.8,  414.9,  408.3,  402.0,  406.2,  411.7,  418.2,  423.6,  427.1,  429.2,  427.2,  423.8,  419.0,  412.9,  406.8,  411.8,  414.3,  416.8,  417.8,  416.7,  414.2,  411.8,  410.8,  247.9,  242.3,  239.9,  242.2,  247.8,  253.9,  255.8,  253.5,  249.7,  246.8,  244.8,  244.0,  245.2,  247.7,  251.3,  252.0,  251.9,  251.8,  251.4,  250.9,  250.5,  251.5,  250.5,  248.1,  245.7,  244.8,  245.8,  248.2,  249.4,  242.9,  240.4,  243.4,  250.0,  256.5,  258.9,  256.5,  252.3,  248.3,  245.8,  244.9,  246.2,  248.5,  252.0,  253.7,  254.5,  254.7,  254.4,  253.9,  252.5,  253.7,  252.7,  250.0,  247.3,  246.1,  247.1,  249.7,  -20.7,  -18.9,  -14.5,  -10.2,  -8.5,  -10.0,  -14.7,  -19.0,  -26.9,  -24.4,  -20.8,  -16.4,  -11.8,  -8.3,  -5.8,  -8.9,  -12.9,  -17.3,  -21.2,  -24.6,  -16.4,  -14.6,  -12.7,  -11.9,  -12.7,  -14.5,  -16.3,  -17.1,  31.2,  32.9,  37.1,  41.4,  43.1,  41.4,  37.2,  32.6,  28.3,  31.2,  34.9,  39.4,  43.4,  46.2,  48.0,  46.2,  43.5,  39.9,  35.7,  31.5,  35.2,  36.9,  38.7,  39.4,  38.7,  36.9,  35.2,  34.5,  -31.0,  -35.5,  -37.3,  -35.5,  -31.1,  -26.3,  -24.8,  -26.6,  -30.0,  -32.1,  -33.4,  -33.9,  -33.0,  -31.1,  -28.4,  -27.7,  -27.7,  -27.9,  -28.2,  -28.8,  -29.0,  -28.2,  -29.0,  -30.9,  -32.8,  -33.5,  -32.7,  -30.9,  -26.1,  -30.5,  -32.4,  -30.5,  -25.9,  -21.5,  -19.7,  -21.3,  -24.0,  -26.7,  -28.5,  -29.2,  -28.5,  -27.2,  -25.0,  -23.6,  -22.8,  -22.5,  -22.6,  -23.0,  -24.1,  -23.3,  -24.1,  -25.9,  -27.8,  -28.5,  -27.8,  -26.0,  450.0,  450.9,  451.0,  450.1,  448.9,  448.1,  447.9,  448.7,  455.1,  452.5,  449.8,  448.1,  447.7,  448.2,  448.8,  447.6,  446.8,  447.2,  449.0,  452.0,  449.9,  449.6,  449.6,  450.0,  450.5,  450.9,  450.9,  450.5,  392.3,  393.5,  395.3,  396.6,  396.7,  395.5,  393.7,  392.5,  391.9,  391.7,  392.2,  393.7,  396.5,  400.0,  403.1,  399.9,  396.2,  393.4,  391.9,  391.6,  394.4,  395.0,  395.7,  396.2,  396.2,  395.6,  394.9,  394.4,  13.4,  7.8,  479.9,  0.160,  0.064,  0.024,  295.9,  294.8,  296.0,  299.4,  307.0,  319.4,  334.1,  352.0,  372.9,  394.1,  412.2,  428.8,  442.7,  452.1,  456.4,  458.6,  459.2,  310.0,  319.1,  332.5,  346.8,  359.6,  397.3,  411.3,  424.6,  437.1,  444.7,  378.4,  377.9,  377.6,  377.3,  357.0,  366.4,  376.3,  386.6,  395.8,  323.9,  333.5,  344.3,  353.7,  343.5,  332.9,  401.4,  411.6,  422.5,  430.8,  423.0,  412.4,  336.5,  349.7,  365.4,  375.7,  387.5,  403.4,  415.9,  403.1,  387.2,  374.3,  362.8,  347.5,  341.7,  364.9,  375.4,  387.2,  411.0,  387.1,  374.7,  363.6,  246.2,  269.9,  293.3,  316.4,  338.8,  359.9,  378.5,  394.3,  399.7,  396.2,  383.2,  366.2,  346.6,  324.1,  300.1,  275.0,  250.2,  232.6,  221.3,  217.4,  218.8,  223.8,  224.5,  219.8,  219.7,  224.4,  234.9,  246.3,  262.7,  278.8,  295.4,  300.8,  305.4,  309.4,  305.9,  302.5,  249.3,  244.1,  244.8,  251.1,  252.3,  251.8,  252.2,  246.4,  246.7,  251.8,  254.1,  254.0,  325.1,  319.0,  318.2,  320.9,  319.1,  321.2,  327.6,  349.5,  359.1,  360.3,  358.4,  347.8,  326.4,  325.5,  327.1,  326.2,  329.0,  347.4,  348.7,  346.7,  -56.9,  -58.2,  -57.8,  -55.1,  -48.2,  -36.6,  -23.0,  -7.0,  11.1,  29.7,  46.2,  61.7,  74.3,  82.1,  85.0,  86.3,  86.6,  -41.8,  -33.8,  -22.5,  -10.7,  -0.3,  30.0,  41.5,  52.4,  62.7,  69.3,  14.8,  14.2,  13.8,  13.4,  -2.4,  5.2,  13.0,  21.3,  28.7,  -29.9,  -21.8,  -12.9,  -5.2,  -13.5,  -22.3,  33.8,  42.1,  51.0,  58.0,  51.4,  42.7,  -20.1,  -8.5,  4.4,  12.6,  22.1,  35.6,  47.1,  35.9,  22.3,  11.7,  2.3,  -10.4,  -15.6,  4.0,  12.4,  22.0,  42.9,  22.2,  12.1,  3.0,  -37.0,  -16.1,  4.8,  25.8,  46.2,  64.9,  80.6,  92.6,  96.6,  94.3,  84.3,  70.2,  52.6,  32.2,  10.6,  -11.4,  -32.9,  -46.3,  -55.2,  -57.9,  -56.2,  -51.8,  -51.2,  -55.1,  -55.4,  -51.8,  -43.4,  -33.5,  -20.1,  -7.2,  5.8,  10.3,  13.9,  17.0,  14.3,  11.6,  -32.1,  -36.2,  -35.5,  -30.3,  -29.3,  -29.8,  -29.3,  -34.0,  -33.7,  -29.6,  -27.6,  -27.7,  31.6,  25.5,  24.4,  26.4,  25.0,  27.2,  33.4,  51.2,  58.3,  59.1,  57.8,  49.8,  32.6,  30.4,  31.5,  30.9,  34.5,  48.9,  49.8,  48.4,  515.3,  519.2,  524.5,  528.6,  528.8,  524.7,  517.2,  506.0,  502.3,  506.5,  514.9,  521.5,  521.9,  518.4,  512.3,  509.1,  507.0,  485.9,  481.1,  476.3,  471.7,  469.0,  468.3,  469.8,  471.6,  473.2,  475.3,  466.7,  461.5,  456.8,  452.5,  468.7,  464.8,  462.2,  463.8,  466.0,  481.7,  478.7,  477.8,  476.2,  477.5,  478.5,  475.0,  474.4,  474.4,  475.9,  473.9,  473.8,  495.1,  478.2,  468.7,  466.9,  467.5,  476.1,  490.3,  483.9,  476.5,  475.4,  476.8,  484.0,  494.1,  471.3,  469.3,  469.9,  489.3,  477.9,  477.1,  479.0,  1.199,  0.206,  0.051,  0.027,  376.473,  296.837,  -55.592,  -1.331,  21.175,  2.790,  -14.613,  -4.657,  -1.379,  4.276,  -5.044,  -6.379,  -8.277,  0.448,  8.930,  -1.862,  -1.736,  -2.070,  -1.174,  0.482,  -0.546,  2.499,  -1.800,  2.940,  0.927,  -0.334,  0.185,  0.681,  0.504,  -0.190,  -0.079,  0.024,  -0.033,  -0.087,  -0.107,  0.106, 0.00, 0.00, 0.56, 0.22, 1.99, 1.97, 0.00, 3.54, 2.95, 1.17, 0.00, 0.66, 0.01, 0.00, 2.62, 1.14, 0.00, 0.00, 0.00, 1.00, 0.00, 1.00, 1.00, 0.00, 1.00, 1.00, 1.00, 0.00, 0.00, 0.00, 0.00, 1.00, 1.00, 0.00, 0.00
37,  0,  1.440,  0.93,  1,  0.106659,  0.236907,  -0.965660,  -0.136164,  0.246203,  -0.959606,  -0.015,  0.246,  334.9,  337.3,  342.8,  348.2,  350.3,  348.3,  342.4,  337.0,  327.9,  331.0,  335.3,  340.8,  346.6,  351.0,  354.1,  350.1,  345.0,  339.6,  334.7,  330.6,  340.4,  342.6,  345.0,  346.0,  345.1,  342.8,  340.5,  339.5,  408.5,  410.9,  417.0,  423.2,  425.9,  423.5,  417.5,  410.7,  403.7,  407.8,  413.3,  419.8,  425.5,  429.4,  432.0,  429.5,  425.6,  420.5,  414.3,  408.3,  414.1,  416.9,  419.7,  420.8,  419.6,  416.7,  414.0,  412.9,  249.6,  244.2,  241.9,  244.1,  249.4,  255.2,  257.0,  254.9,  251.7,  248.7,  246.6,  245.7,  247.0,  249.6,  253.3,  254.0,  253.9,  253.7,  253.4,  252.9,  252.2,  253.1,  252.1,  249.8,  247.6,  246.7,  247.6,  249.9,  251.1,  244.6,  242.0,  244.8,  251.4,  257.9,  260.5,  258.2,  253.9,  250.1,  247.7,  246.9,  248.1,  250.3,  253.6,  255.3,  256.2,  256.5,  256.1,  255.5,  254.4,  255.7,  254.5,  251.5,  248.5,  247.3,  248.4,  251.4,  -19.9,  -18.0,  -13.7,  -9.4,  -7.7,  -9.3,  -13.9,  -18.2,  -25.8,  -23.2,  -19.6,  -15.2,  -10.6,  -7.1,  -4.7,  -7.8,  -11.8,  -16.1,  -20.0,  -23.4,  -15.6,  -13.8,  -11.9,  -11.1,  -11.9,  -13.7,  -15.5,  -16.3,  33.0,  34.8,  39.1,  43.5,  45.3,  43.5,  39.2,  34.5,  29.7,  32.5,  36.2,  40.8,  44.9,  48.0,  50.1,  48.0,  45.0,  41.2,  36.9,  32.8,  37.0,  39.0,  41.0,  41.8,  40.9,  38.9,  37.0,  36.2,  -30.5,  -34.9,  -36.7,  -34.9,  -30.6,  -25.9,  -24.5,  -26.2,  -29.1,  -31.4,  -32.9,  -33.4,  -32.4,  -30.4,  -27.5,  -26.8,  -26.9,  -27.1,  -27.4,  -28.0,  -28.4,  -27.7,  -28.5,  -30.3,  -32.2,  -32.9,  -32.1,  -30.3,  -25.1,  -29.6,  -31.5,  -29.7,  -25.1,  -20.6,  -18.8,  -20.3,  -23.2,  -25.8,  -27.4,  -28.0,  -27.4,  -26.1,  -24.0,  -22.6,  -21.8,  -21.5,  -21.7,  -22.1,  -23.0,  -22.1,  -23.0,  -25.1,  -27.1,  -28.0,  -27.1,  -25.0,  461.7,  462.9,  463.0,  462.0,  460.4,  459.4,  459.1,  460.1,  466.3,  463.9,  461.4,  459.8,  459.5,  459.8,  460.3,  459.1,  458.1,  458.4,  460.2,  463.2,  461.4,  461.0,  461.1,  461.6,  462.3,  462.7,  462.6,  462.1,  395.6,  396.8,  398.4,  399.6,  399.5,  398.4,  396.7,  395.7,  395.7,  395.3,  395.4,  396.5,  398.8,  402.0,  404.9,  401.8,  398.6,  396.0,  395.0,  395.1,  397.5,  398.0,  398.7,  399.3,  399.3,  398.8,  398.0,  397.5,  14.8,  9.3,  477.9,  0.163,  0.062,  0.024,  297.2,  296.2,  297.4,  300.8,  308.4,  320.8,  335.5,  353.4,  374.5,  395.8,  414.0,  430.6,  444.6,  454.0,  458.5,  460.7,  461.4,  311.4,  320.4,  333.9,  348.4,  361.3,  398.9,  412.9,  426.5,  439.1,  447.0,  380.2,  379.8,  379.5,  379.1,  358.7,  368.3,  378.3,  388.6,  397.9,  325.8,  335.4,  346.2,  355.7,  345.5,  334.9,  403.1,  413.4,  424.3,  432.7,  424.9,  414.3,  338.0,  351.3,  367.1,  377.6,  389.7,  405.6,  418.1,  405.2,  389.3,  376.2,  364.5,  349.1,  343.3,  366.5,  377.3,  389.4,  413.1,  389.1,  376.5,  365.2,  247.6,  271.3,  294.6,  317.6,  340.1,  361.3,  380.2,  396.3,  401.8,  398.3,  385.2,  368.1,  348.5,  326.0,  302.0,  276.8,  251.9,  234.7,  223.2,  219.2,  220.8,  226.1,  226.6,  221.5,  221.1,  225.7,  236.3,  248.4,  264.9,  281.1,  297.9,  302.9,  307.6,  311.7,  308.1,  304.7,  251.2,  246.1,  246.7,  253.0,  254.2,  253.7,  254.0,  248.2,  248.3,  253.4,  255.8,  255.8,  327.0,  321.1,  320.4,  323.2,  321.3,  323.4,  329.5,  351.2,  360.8,  362.1,  360.1,  349.5,  328.3,  327.7,  329.3,  328.5,  330.9,  349.2,  350.5,  348.4,  -55.5,  -56.7,  -56.2,  -53.6,  -46.8,  -35.3,  -21.7,  -5.7,  12.5,  31.1,  47.7,  63.2,  75.8,  83.7,  86.7,  88.1,  88.4,  -40.4,  -32.6,  -21.3,  -9.3,  1.1,  31.1,  42.5,  53.7,  64.2,  70.9,  16.1,  15.6,  15.2,  14.8,  -1.0,  6.6,  14.5,  22.8,  30.2,  -28.2,  -20.2,  -11.3,  -3.5,  -11.9,  -20.6,  35.1,  43.4,  52.2,  59.2,  52.6,  44.0,  -18.7,  -7.1,  5.7,  14.1,  23.8,  37.2,  48.8,  37.5,  23.9,  13.2,  3.7,  -9.0,  -14.2,  5.3,  13.9,  23.7,  44.6,  23.9,  13.5,  4.3,  -35.6,  -14.9,  5.9,  26.8,  47.2,  66.0,  81.8,  93.9,  98.0,  95.8,  85.8,  71.7,  54.2,  33.9,  12.3,  -9.8,  -31.5,  -44.4,  -53.4,  -56.1,  -54.2,  -49.7,  -49.2,  -53.4,  -54.0,  -50.5,  -42.1,  -31.6,  -18.3,  -5.4,  7.6,  12.0,  15.6,  18.8,  16.0,  13.3,  -30.4,  -34.4,  -33.8,  -28.5,  -27.6,  -28.1,  -27.7,  -32.4,  -32.2,  -28.2,  -26.1,  -26.2,  33.0,  27.1,  26.0,  28.2,  26.7,  28.9,  34.9,  52.4,  59.4,  60.3,  58.9,  51.0,  34.1,  32.1,  33.2,  32.6,  36.0,  50.1,  51.1,  49.6,  513.2,  517.0,  522.1,  526.3,  526.7,  522.9,  515.6,  504.3,  500.6,  504.7,  513.3,  520.3,  520.9,  517.7,  511.7,  508.3,  506.4,  483.9,  478.8,  473.7,  469.0,  466.4,  465.6,  467.0,  469.1,  471.2,  473.9,  464.3,  459.2,  454.6,  450.4,  466.9,  462.9,  460.3,  462.0,  464.3,  479.4,  476.4,  475.5,  474.0,  475.2,  476.2,  472.8,  472.3,  472.3,  473.8,  471.8,  471.7,  493.2,  476.1,  466.7,  464.9,  465.5,  474.2,  488.6,  481.9,  474.4,  473.3,  474.7,  481.9,  492.0,  469.3,  467.4,  468.0,  487.5,  475.8,  475.0,  476.9,  1.204,  0.212,  0.045,  0.028,  378.266,  298.719,  -53.099,  -2.597,  21.277,  2.891,  -14.622,  -3.735,  -1.218,  4.521,  -5.310,  -5.713,  -8.900,  0.398,  8.364,  -0.980,  -1.288,  -1.678,  -1.130,  0.846,  -0.725,  2.079,  -1.890,  2.410,  1.139,  -0.703,  0.667,  0.741,  0.656,  -0.209,  0.082,  0.074,  0.023,  -0.063,  -0.070,  0.062, 0.00, 0.00, 0.64, 0.26, 1.96, 1.81, 0.00, 3.51, 3.00, 1.29, 0.00, 0.61, 0.03, 0.00, 2.56, 1.06, 0.00, 0.00, 0.00, 1.00, 0.00, 1.00, 1.00, 0.00, 1.00, 1.00, 1.00, 0.00, 0.00, 0.00, 0.00, 1.00, 1.00, 0.00, 0.00
38,  0,  1.480,  0.93,  1,  0.127652,  0.263122,  -0.956280,  -0.069204,  0.205565,  -0.976194,  0.030,  0.238,  336.4,  338.9,  344.5,  349.9,  351.9,  349.8,  343.8,  338.4,  329.5,  332.1,  336.1,  341.6,  347.5,  352.3,  355.7,  351.4,  346.0,  340.4,  335.6,  331.8,  342.0,  344.2,  346.6,  347.6,  346.8,  344.5,  342.2,  341.1,  411.7,  413.6,  419.2,  425.3,  428.3,  426.4,  420.8,  414.2,  405.8,  409.6,  414.7,  420.9,  426.5,  430.8,  433.9,  431.1,  427.0,  421.8,  415.9,  410.1,  417.2,  420.1,  422.7,  423.5,  422.1,  419.3,  416.7,  415.9,  252.1,  246.4,  244.1,  246.4,  252.0,  258.1,  260.0,  257.7,  254.0,  251.3,  249.5,  248.7,  249.9,  252.3,  255.6,  256.2,  256.0,  255.9,  255.6,  255.1,  254.7,  255.7,  254.7,  252.3,  249.9,  249.0,  250.0,  252.3,  252.7,  246.8,  244.4,  246.8,  252.6,  258.5,  260.9,  259.0,  256.1,  252.4,  249.9,  249.0,  250.1,  252.4,  255.6,  257.3,  257.9,  258.1,  257.9,  257.6,  255.8,  256.9,  255.8,  253.1,  250.4,  249.2,  250.4,  253.1,  -18.3,  -16.3,  -12.0,  -7.8,  -6.2,  -7.8,  -12.5,  -16.7,  -23.9,  -21.7,  -18.5,  -14.2,  -9.6,  -6.0,  -3.3,  -6.6,  -10.7,  -15.1,  -18.9,  -21.9,  -14.0,  -12.2,  -10.4,  -9.6,  -10.2,  -12.0,  -13.8,  -14.6,  37.2,  38.7,  43.0,  47.5,  49.5,  47.9,  43.7,  38.9,  33.0,  35.6,  39.4,  43.8,  48.1,  51.5,  54.1,  51.7,  48.3,  44.3,  40.0,  36.0,  41.3,  43.4,  45.3,  46.0,  45.1,  43.0,  41.0,  40.3,  -27.8,  -32.2,  -34.0,  -32.1,  -27.7,  -23.0,  -21.5,  -23.4,  -26.7,  -28.6,  -29.8,  -30.3,  -29.3,  -27.5,  -25.0,  -24.4,  -24.5,  -24.7,  -25.1,  -25.6,  -25.8,  -25.0,  -25.7,  -27.6,  -29.4,  -30.2,  -29.5,  -27.6,  -25.4,  -29.8,  -31.7,  -29.9,  -25.6,  -21.3,  -19.5,  -20.8,  -23.0,  -25.6,  -27.4,  -28.1,  -27.4,  -25.9,  -23.7,  -22.3,  -21.7,  -21.5,  -21.6,  -21.8,  -23.2,  -22.5,  -23.3,  -25.3,  -27.3,  -28.1,  -27.2,  -25.2,  450.1,  450.7,  450.2,  449.0,  447.7,  447.3,  447.6,  448.8,  456.0,  453.0,  449.9,  447.7,  446.9,  447.1,  447.6,  446.7,  446.3,  447.1,  449.4,  452.7,  449.7,  449.2,  449.0,  449.2,  449.8,  450.3,  450.5,  450.2,  418.0,  419.9,  421.7,  422.4,  421.4,  419.5,  417.8,  417.2,  418.4,  418.0,  418.0,  418.6,  420.4,  423.1,  425.5,  422.3,  419.2,  417.0,  416.5,  417.2,  419.3,  419.6,  420.4,  421.3,  421.7,  421.4,  420.6,  419.7,  16.3,  11.3,  478.0,  0.176,  0.071,  0.018,  298.7,  298.0,  299.4,  303.1,  311.0,  323.7,  338.3,  355.8,  376.5,  397.8,  416.1,  432.9,  447.1,  456.6,  461.0,  463.1,  463.7,  312.6,  322.1,  335.6,  349.7,  362.4,  401.0,  415.2,  428.5,  441.0,  448.9,  381.9,  381.5,  381.2,  380.9,  360.3,  369.9,  380.0,  390.5,  399.7,  327.0,  336.6,  347.4,  356.8,  346.6,  336.1,  404.9,  415.0,  425.8,  434.2,  426.3,  415.9,  339.7,  353.1,  368.9,  379.4,  391.6,  407.5,  420.1,  407.3,  391.4,  378.1,  366.4,  351.0,  344.9,  368.4,  379.2,  391.4,  415.3,  391.3,  378.6,  367.3,  249.9,  273.8,  297.4,  320.6,  343.0,  364.0,  382.5,  398.2,  403.6,  400.0,  386.7,  369.5,  349.9,  327.6,  303.8,  278.8,  254.0,  236.3,  225.9,  222.3,  223.8,  228.7,  229.2,  224.6,  224.4,  228.6,  238.6,  251.0,  267.8,  284.4,  301.4,  305.8,  310.6,  314.8,  311.1,  307.5,  253.5,  248.6,  249.2,  255.2,  256.4,  256.0,  256.0,  250.5,  250.7,  255.6,  257.8,  257.8,  329.1,  323.8,  323.4,  326.1,  324.2,  325.8,  331.3,  352.9,  362.7,  364.1,  362.2,  351.6,  330.5,  330.4,  332.0,  331.0,  332.8,  351.1,  352.6,  350.5,  -54.1,  -55.2,  -54.5,  -51.7,  -44.5,  -32.7,  -19.2,  -3.7,  14.3,  32.8,  49.6,  65.3,  78.0,  85.9,  88.7,  89.9,  90.0,  -39.4,  -31.1,  -19.9,  -8.3,  1.9,  32.8,  44.2,  55.1,  65.5,  72.3,  17.4,  16.9,  16.5,  16.2,  0.3,  7.9,  15.8,  24.2,  31.7,  -27.1,  -19.1,  -10.3,  -2.6,  -11.0,  -19.6,  36.5,  44.6,  53.3,  60.4,  53.7,  45.2,  -17.3,  -5.6,  7.2,  15.6,  25.4,  38.8,  50.6,  39.2,  25.6,  14.8,  5.2,  -7.5,  -12.8,  6.8,  15.5,  25.3,  46.4,  25.6,  15.2,  6.0,  -33.7,  -12.7,  8.5,  29.6,  50.0,  68.5,  83.9,  95.7,  99.6,  97.3,  87.2,  73.0,  55.5,  35.2,  13.8,  -8.0,  -29.5,  -42.9,  -51.0,  -53.4,  -51.6,  -47.4,  -46.9,  -50.8,  -51.2,  -48.0,  -40.2,  -29.5,  -15.9,  -2.8,  10.4,  14.3,  18.0,  21.2,  18.3,  15.5,  -28.4,  -32.2,  -31.7,  -26.7,  -25.8,  -26.2,  -25.9,  -30.4,  -30.2,  -26.4,  -24.4,  -24.5,  34.9,  29.4,  28.5,  30.6,  29.0,  30.9,  36.4,  53.9,  61.1,  62.1,  60.7,  52.8,  36.1,  34.3,  35.4,  34.7,  37.6,  51.7,  52.8,  51.4,  513.0,  517.5,  523.3,  527.9,  528.0,  523.9,  516.1,  504.6,  500.8,  504.9,  513.6,  520.3,  520.4,  516.6,  510.1,  506.5,  504.4,  482.5,  477.3,  472.4,  467.8,  464.7,  464.1,  466.0,  468.0,  469.9,  472.5,  463.2,  458.4,  454.1,  450.2,  466.8,  462.5,  459.9,  461.3,  463.5,  478.4,  475.3,  474.4,  473.1,  474.0,  475.0,  471.9,  471.3,  471.1,  472.7,  470.7,  470.6,  493.9,  477.1,  467.6,  465.7,  466.2,  475.0,  489.1,  482.6,  475.2,  474.2,  475.7,  483.0,  492.8,  470.2,  468.1,  468.8,  488.1,  476.4,  475.7,  477.7,  1.204,  0.228,  0.054,  0.022,  380.133,  301.106,  -54.497,  -0.338,  21.706,  0.824,  -12.679,  -1.049,  -1.577,  4.584,  -4.436,  -5.791,  -7.534,  1.491,  8.837,  -1.343,  -0.594,  -1.429,  -1.315,  -0.479,  -1.056,  1.257,  -1.449,  2.996,  1.204,  -0.496,  -0.030,  0.847,  0.848,  -0.305,  0.051,  0.173,  0.008,  -0.082,  -0.025,  0.020, 0.00, 0.00, 0.72, 0.12, 1.96, 1.72, 0.00, 3.56, 3.13, 1.41, 0.00, 0.61, 0.03, 0.03, 2.44, 0.77, 0.00, 0.00, 0.00, 0.00, 0.00, 1.00, 1.00, 0.00, 1.00, 1.00, 1.00, 0.00, 0.00, 0.00, 0.00, 1.00, 1.00, 0.00, 0.00
39,  0,  1.520,  0.98,  1,  0.166087,  0.229983,  -0.958917,  -0.203683,  0.272737,  -0.940281,  -0.020,  0.259,  338.2,  340.5,  346.0,  351.5,  353.8,  351.9,  346.0,  340.5,  329.5,  332.6,  337.2,  343.1,  349.1,  353.7,  356.8,  352.9,  347.7,  342.1,  336.9,  332.6,  343.6,  346.0,  348.3,  349.3,  348.3,  346.0,  343.6,  342.7,  411.4,  413.7,  419.7,  425.9,  428.7,  426.4,  420.4,  413.7,  407.4,  411.5,  417.0,  423.5,  428.9,  432.7,  435.0,  433.0,  429.5,  424.5,  418.4,  412.1,  417.3,  419.8,  422.1,  423.1,  422.0,  419.5,  417.1,  416.2,  254.4,  248.8,  246.5,  248.8,  254.4,  260.4,  262.3,  260.0,  256.8,  254.1,  252.4,  251.6,  252.6,  254.8,  257.9,  258.8,  258.9,  258.9,  258.6,  258.0,  257.0,  258.0,  257.0,  254.6,  252.2,  251.3,  252.2,  254.6,  256.0,  249.5,  247.0,  249.8,  256.4,  262.9,  265.5,  263.2,  259.4,  255.1,  252.2,  251.1,  252.2,  254.6,  258.2,  260.0,  260.9,  261.2,  261.1,  260.8,  259.0,  260.1,  259.1,  256.6,  253.9,  252.8,  253.8,  256.4,  -16.9,  -15.2,  -10.9,  -6.6,  -4.8,  -6.3,  -10.8,  -15.1,  -24.0,  -21.4,  -17.7,  -13.1,  -8.4,  -4.9,  -2.5,  -5.5,  -9.5,  -13.9,  -17.9,  -21.4,  -12.7,  -10.9,  -9.1,  -8.3,  -9.1,  -10.9,  -12.8,  -13.5,  34.4,  36.1,  40.3,  44.6,  46.5,  44.8,  40.6,  36.0,  31.7,  34.4,  38.2,  42.7,  46.7,  49.6,  51.6,  49.8,  47.0,  43.3,  39.0,  34.9,  38.6,  40.3,  42.0,  42.6,  41.9,  40.2,  38.5,  37.8,  -26.1,  -30.5,  -32.3,  -30.5,  -26.1,  -21.4,  -19.9,  -21.7,  -24.5,  -26.4,  -27.6,  -28.2,  -27.4,  -25.8,  -23.4,  -22.6,  -22.5,  -22.5,  -22.8,  -23.4,  -24.1,  -23.3,  -24.1,  -26.0,  -27.9,  -28.6,  -27.8,  -26.0,  -21.4,  -25.9,  -27.7,  -25.9,  -21.4,  -16.9,  -15.1,  -16.6,  -19.1,  -22.0,  -24.0,  -24.8,  -24.3,  -22.8,  -20.5,  -19.1,  -18.3,  -18.0,  -18.0,  -18.2,  -19.5,  -18.8,  -19.5,  -21.3,  -23.0,  -23.8,  -23.1,  -21.3,  451.5,  452.3,  452.7,  452.5,  451.8,  451.3,  450.7,  450.8,  456.5,  453.9,  451.3,  449.9,  450.0,  451.0,  452.2,  450.8,  449.6,  449.6,  451.2,  453.7,  452.1,  452.1,  452.3,  452.6,  452.9,  452.9,  452.7,  452.4,  389.5,  390.8,  392.6,  393.7,  393.6,  392.3,  390.5,  389.4,  389.1,  389.0,  389.4,  390.9,  393.5,  397.0,  400.0,  396.7,  393.1,  390.3,  388.9,  388.8,  391.5,  391.9,  392.6,  393.1,  393.2,  392.7,  392.0,  391.5,  18.0,  13.3,  479.4,  0.191,  0.078,  0.009,  300.2,  299.8,  301.5,  305.3,  313.4,  326.4,  341.3,  358.9,  379.7,  400.9,  419.1,  435.7,  449.6,  458.9,  463.1,  465.0,  465.5,  313.8,  323.8,  337.6,  351.9,  364.7,  402.0,  416.2,  429.6,  442.4,  450.8,  383.5,  383.2,  383.0,  382.9,  362.2,  371.8,  382.0,  392.5,  401.7,  328.1,  337.8,  348.7,  358.2,  347.8,  337.2,  406.8,  417.1,  427.9,  436.5,  428.5,  418.0,  341.4,  355.1,  370.7,  381.3,  393.6,  409.5,  422.5,  409.4,  393.5,  380.1,  368.4,  353.1,  346.7,  370.2,  381.1,  393.4,  417.6,  393.4,  380.6,  369.2,  252.0,  276.0,  299.6,  322.7,  345.0,  365.8,  384.0,  399.5,  404.5,  400.7,  387.3,  370.2,  350.6,  328.3,  304.6,  279.8,  255.1,  239.4,  228.9,  225.6,  227.2,  232.2,  232.4,  227.5,  227.0,  230.9,  240.8,  253.8,  271.1,  288.1,  305.5,  309.2,  314.1,  318.3,  314.5,  310.8,  256.4,  251.3,  251.9,  258.2,  259.5,  259.0,  258.9,  252.9,  253.1,  258.0,  260.5,  260.5,  331.0,  326.4,  326.3,  329.0,  327.0,  328.2,  333.0,  353.9,  363.6,  365.0,  363.2,  352.9,  332.5,  333.2,  334.8,  333.7,  334.6,  352.1,  353.6,  351.6,  -52.9,  -53.8,  -52.9,  -49.9,  -42.6,  -30.5,  -16.7,  -0.9,  17.0,  35.7,  52.5,  68.0,  80.5,  88.2,  90.7,  91.7,  91.6,  -38.4,  -29.7,  -18.2,  -6.5,  3.7,  33.5,  45.0,  55.9,  66.5,  73.7,  18.8,  18.4,  18.0,  17.8,  1.8,  9.4,  17.4,  25.8,  33.4,  -26.3,  -18.2,  -9.2,  -1.5,  -9.9,  -18.7,  38.0,  46.3,  55.1,  62.2,  55.5,  47.0,  -15.8,  -4.0,  8.6,  17.1,  27.1,  40.6,  52.7,  41.1,  27.4,  16.5,  6.9,  -5.8,  -11.3,  8.3,  17.0,  27.0,  48.5,  27.5,  16.9,  7.6,  -31.9,  -10.7,  10.5,  31.6,  52.0,  70.4,  85.7,  97.2,  100.8,  98.4,  88.1,  73.8,  56.2,  35.9,  14.6,  -7.2,  -28.6,  -40.4,  -48.5,  -50.8,  -48.9,  -44.6,  -44.4,  -48.4,  -49.0,  -46.0,  -38.3,  -27.3,  -13.4,  0.1,  13.6,  17.1,  20.8,  24.1,  21.1,  18.2,  -26.1,  -30.0,  -29.5,  -24.3,  -23.3,  -23.7,  -23.7,  -28.4,  -28.3,  -24.4,  -22.2,  -22.2,  36.6,  31.6,  30.9,  33.0,  31.4,  32.9,  38.0,  54.9,  62.0,  63.0,  61.7,  54.1,  37.8,  36.7,  37.8,  37.0,  39.2,  52.7,  53.8,  52.5,  514.4,  519.0,  525.1,  529.8,  530.3,  526.3,  518.4,  506.7,  503.0,  507.2,  515.9,  522.4,  522.2,  518.1,  511.4,  507.5,  504.8,  483.1,  477.7,  472.8,  467.9,  464.6,  463.9,  465.2,  467.1,  469.0,  471.9,  463.5,  459.1,  455.2,  451.7,  468.4,  464.1,  461.4,  462.7,  464.7,  479.4,  476.1,  475.0,  473.6,  474.7,  475.9,  472.1,  471.4,  471.2,  472.8,  470.9,  470.9,  495.4,  478.8,  469.4,  467.4,  468.0,  476.4,  490.1,  483.8,  476.5,  475.4,  477.0,  484.4,  494.2,  471.8,  469.8,  470.4,  489.1,  477.7,  477.0,  479.1,  1.202,  0.246,  0.058,  0.014,  382.106,  303.365,  -51.847,  -0.628,  20.016,  -1.259,  -11.971,  1.201,  -2.627,  3.971,  -6.076,  -6.175,  -6.594,  1.027,  8.379,  0.187,  -1.376,  -1.564,  -1.729,  0.485,  -0.737,  1.864,  -1.854,  3.559,  1.274,  -0.220,  -0.115,  0.460,  0.487,  -0.095,  -0.200,  -0.016,  0.048,  -0.088,  -0.099,  0.162, 0.00, 0.00, 0.64, 0.08, 1.96, 1.65, 0.00, 3.69, 3.25, 1.41, 0.00, 0.54, 0.03, 0.05, 2.38, 0.58, 0.00, 0.00, 0.00, 1.00, 0.00, 1.00, 1.00, 0.00, 1.00, 1.00, 1.00, 0.00, 0.00, 0.00, 0.00, 1.00, 1.00, 0.00, 0.00
40,  0,  1.560,  0.98,  1,  0.129769,  0.241392,  -0.961712,  -0.194124,  0.277246,  -0.940984,  -0.034,  0.266,  339.8,  342.4,  348.1,  353.7,  355.8,  353.7,  347.5,  341.9,  333.1,  335.4,  339.3,  344.6,  350.8,  355.9,  359.7,  355.2,  349.6,  343.9,  339.0,  335.3,  345.7,  348.0,  350.4,  351.5,  350.6,  348.2,  345.8,  344.8,  413.6,  415.5,  421.3,  427.6,  430.7,  428.9,  423.1,  416.3,  409.4,  413.4,  418.7,  425.1,  430.5,  434.4,  436.9,  435.0,  431.5,  426.7,  420.6,  414.3,  419.5,  422.1,  424.5,  425.3,  424.0,  421.4,  419.0,  418.2,  257.6,  251.7,  249.0,  251.3,  257.1,  263.6,  265.7,  263.5,  260.4,  257.3,  255.1,  254.0,  255.1,  257.6,  261.2,  262.0,  261.9,  261.9,  261.8,  261.5,  260.2,  261.1,  260.0,  257.6,  255.1,  254.2,  255.3,  257.8,  258.8,  252.3,  249.7,  252.3,  258.7,  265.1,  267.8,  265.7,  261.9,  257.6,  254.7,  253.4,  254.5,  257.0,  260.8,  262.6,  263.4,  263.8,  263.7,  263.5,  261.7,  262.8,  261.7,  259.1,  256.5,  255.4,  256.5,  259.1,  -14.8,  -12.9,  -8.7,  -4.6,  -3.0,  -4.6,  -9.1,  -13.2,  -20.0,  -18.1,  -15.2,  -11.2,  -6.7,  -3.0,  -0.2,  -3.5,  -7.6,  -11.7,  -15.4,  -18.2,  -10.5,  -8.8,  -7.0,  -6.2,  -6.9,  -8.6,  -10.4,  -11.2,  35.9,  37.3,  41.4,  45.8,  47.9,  46.4,  42.3,  37.6,  33.0,  35.7,  39.3,  43.8,  47.7,  50.8,  52.9,  51.1,  48.3,  44.7,  40.5,  36.3,  40.0,  41.8,  43.5,  44.1,  43.3,  41.5,  39.8,  39.2,  -22.2,  -26.7,  -28.5,  -26.8,  -22.5,  -17.7,  -16.2,  -17.9,  -20.5,  -22.7,  -24.1,  -24.7,  -23.9,  -22.1,  -19.5,  -18.9,  -18.9,  -19.0,  -19.1,  -19.6,  -20.3,  -19.6,  -20.4,  -22.2,  -24.0,  -24.8,  -24.0,  -22.1,  -19.6,  -24.0,  -25.9,  -24.2,  -19.8,  -15.4,  -13.5,  -14.9,  -17.4,  -20.3,  -22.3,  -23.2,  -22.6,  -21.1,  -18.7,  -17.3,  -16.6,  -16.2,  -16.2,  -16.4,  -17.7,  -16.9,  -17.7,  -19.5,  -21.3,  -22.1,  -21.3,  -19.4,  426.0,  426.5,  425.8,  424.2,  422.7,  422.3,  422.9,  424.5,  432.2,  429.2,  425.8,  423.2,  422.1,  422.0,  422.3,  421.7,  421.6,  422.7,  425.3,  428.7,  425.2,  424.5,  424.2,  424.5,  425.1,  425.7,  426.0,  425.8,  389.2,  390.9,  392.9,  394.0,  393.6,  391.9,  389.9,  388.9,  388.7,  388.7,  389.3,  390.8,  393.4,  396.8,  399.7,  396.3,  392.6,  389.7,  388.4,  388.2,  391.1,  391.5,  392.3,  393.0,  393.2,  392.8,  391.9,  391.3,  19.9,  15.6,  480.9,  0.216,  0.084,  0.002,  302.2,  302.0,  303.9,  307.7,  315.8,  328.8,  343.7,  361.2,  381.9,  403.3,  421.8,  438.6,  452.4,  461.5,  465.5,  467.2,  467.6,  315.4,  325.2,  338.7,  352.8,  365.7,  404.8,  418.9,  432.1,  444.7,  452.9,  385.7,  385.4,  385.3,  385.1,  364.7,  374.2,  384.2,  394.6,  403.8,  330.5,  340.1,  351.1,  360.4,  350.1,  339.4,  408.8,  418.9,  429.8,  438.3,  430.5,  419.9,  343.6,  357.4,  373.0,  383.6,  396.0,  411.9,  424.9,  411.8,  395.8,  382.5,  370.7,  355.4,  348.8,  372.6,  383.4,  395.8,  420.1,  395.8,  383.0,  371.6,  254.6,  278.3,  301.7,  324.6,  346.8,  367.5,  385.8,  401.6,  406.6,  402.6,  388.5,  370.8,  351.0,  328.9,  305.6,  281.2,  256.8,  242.6,  232.7,  229.4,  231.0,  235.7,  235.8,  231.0,  230.5,  234.2,  243.6,  257.2,  274.6,  291.8,  309.4,  312.6,  317.6,  321.9,  318.0,  314.2,  259.3,  254.1,  254.7,  261.2,  262.5,  262.1,  261.6,  255.5,  255.5,  260.6,  263.2,  263.3,  333.0,  329.4,  329.8,  332.6,  330.5,  331.0,  334.9,  355.9,  365.8,  367.3,  365.4,  355.0,  334.6,  336.5,  338.2,  336.9,  336.6,  354.4,  356.0,  354.0,  -51.2,  -51.8,  -50.8,  -47.8,  -40.4,  -28.4,  -14.7,  1.0,  19.1,  38.0,  55.1,  70.8,  83.2,  90.6,  92.8,  93.5,  93.2,  -37.1,  -28.6,  -17.3,  -5.8,  4.5,  35.8,  47.1,  57.9,  68.2,  75.4,  20.4,  20.1,  19.8,  19.6,  3.8,  11.4,  19.3,  27.6,  35.1,  -24.3,  -16.3,  -7.3,  0.3,  -8.0,  -16.8,  39.7,  47.7,  56.5,  63.7,  57.1,  48.5,  -14.0,  -2.1,  10.6,  19.1,  29.1,  42.7,  55.0,  43.3,  29.5,  18.5,  8.9,  -3.9,  -9.6,  10.2,  19.0,  29.1,  50.8,  29.6,  18.9,  9.6,  -29.6,  -8.6,  12.4,  33.4,  53.8,  72.3,  87.7,  99.6,  103.2,  100.5,  89.5,  74.6,  56.7,  36.5,  15.5,  -5.9,  -27.0,  -37.7,  -45.4,  -47.6,  -45.9,  -41.7,  -41.6,  -45.6,  -46.2,  -43.3,  -36.0,  -24.6,  -10.6,  3.0,  16.7,  19.9,  23.7,  27.0,  24.0,  21.0,  -23.6,  -27.7,  -27.2,  -21.9,  -20.8,  -21.2,  -21.5,  -26.4,  -26.3,  -22.3,  -20.1,  -20.0,  38.6,  34.3,  33.9,  36.0,  34.4,  35.4,  39.7,  56.8,  64.1,  65.2,  63.9,  56.1,  39.8,  39.6,  40.8,  39.8,  41.1,  54.8,  56.1,  54.7,  514.7,  520.0,  526.4,  531.3,  532.0,  528.4,  521.2,  509.7,  505.7,  509.6,  518.0,  524.0,  523.3,  518.6,  511.4,  506.9,  503.8,  482.9,  477.0,  472.1,  467.2,  464.0,  463.4,  464.8,  466.6,  468.3,  471.3,  463.3,  459.4,  455.8,  452.8,  469.8,  465.5,  462.9,  464.0,  465.9,  478.9,  475.6,  474.5,  473.5,  474.4,  475.6,  472.2,  471.1,  470.8,  472.5,  470.7,  470.8,  497.7,  481.3,  471.8,  469.8,  470.3,  478.6,  492.1,  486.0,  478.9,  477.9,  479.6,  487.0,  496.6,  474.3,  472.3,  472.8,  491.1,  479.9,  479.2,  481.4,  1.199,  0.274,  0.061,  0.008,  384.339,  306.005,  -53.685,  0.235,  19.839,  -3.097,  -10.976,  3.159,  -4.188,  2.540,  -4.582,  -5.300,  -6.953,  2.011,  8.585,  -0.198,  -0.025,  -1.902,  -0.814,  0.651,  -0.652,  1.376,  -1.853,  2.803,  0.870,  0.106,  0.175,  0.487,  0.583,  -0.092,  -0.082,  0.013,  0.005,  -0.002,  -0.105,  0.064, 0.00, 0.00, 0.50, 0.00, 2.03, 1.76, 0.00, 3.73, 3.40, 1.34, 0.00, 0.54, 0.00, 0.11, 2.39, 0.42, 0.00, 0.00, 0.00, 1.00, 0.00, 1.00, 1.00, 0.00, 1.00, 1.00, 1.00, 0.00, 0.00, 0.00, 0.00, 1.00, 1.00, 0.00, 0.00
41,  0,  1.600,  0.98,  1,  0.141619,  0.265460,  -0.953664,  -0.170018,  0.259084,  -0.950773,  -0.015,  0.269,  342.1,  344.5,  350.0,  355.4,  357.6,  355.5,  349.6,  344.2,  334.1,  337.2,  341.5,  347.2,  353.1,  357.6,  360.8,  356.8,  351.7,  346.1,  341.1,  337.0,  347.5,  349.8,  352.1,  353.1,  352.2,  349.9,  347.6,  346.6,  415.9,  418.0,  424.0,  430.4,  433.4,  431.3,  425.4,  418.4,  411.7,  415.5,  420.7,  427.2,  432.7,  436.8,  439.5,  437.1,  433.4,  428.4,  422.3,  416.4,  421.6,  424.6,  427.4,  428.3,  426.9,  423.9,  421.2,  420.2,  260.3,  254.8,  252.6,  254.9,  260.5,  266.4,  268.2,  265.8,  262.5,  259.7,  257.9,  257.1,  258.2,  260.6,  263.9,  264.6,  264.4,  264.3,  264.0,  263.5,  262.9,  263.9,  263.0,  260.7,  258.3,  257.4,  258.3,  260.6,  260.9,  254.4,  251.8,  254.5,  261.0,  267.4,  270.1,  267.9,  264.8,  260.5,  257.7,  256.6,  257.6,  259.8,  263.1,  264.8,  265.6,  266.0,  266.0,  265.9,  264.2,  265.5,  264.3,  261.3,  258.3,  257.0,  258.2,  261.2,  -14.2,  -12.3,  -7.9,  -3.6,  -1.9,  -3.5,  -8.2,  -12.5,  -20.6,  -18.1,  -14.6,  -10.1,  -5.4,  -1.9,  0.6,  -2.5,  -6.5,  -10.9,  -14.9,  -18.2,  -9.9,  -8.1,  -6.2,  -5.4,  -6.1,  -8.0,  -9.8,  -10.6,  37.9,  39.5,  43.8,  48.2,  50.3,  48.7,  44.4,  39.6,  35.0,  37.6,  41.2,  45.7,  49.7,  52.9,  55.2,  53.1,  50.1,  46.4,  42.2,  38.2,  42.0,  44.0,  46.0,  46.8,  45.8,  43.7,  41.7,  41.0,  -21.9,  -26.2,  -28.0,  -26.1,  -21.7,  -17.0,  -15.6,  -17.4,  -20.4,  -22.4,  -23.7,  -24.3,  -23.4,  -21.6,  -19.0,  -18.4,  -18.5,  -18.6,  -18.9,  -19.4,  -19.8,  -19.0,  -19.7,  -21.6,  -23.4,  -24.2,  -23.5,  -21.6,  -18.4,  -22.9,  -24.8,  -23.0,  -18.5,  -14.0,  -12.2,  -13.6,  -15.7,  -18.6,  -20.5,  -21.3,  -20.8,  -19.4,  -17.2,  -16.0,  -15.3,  -14.9,  -14.9,  -15.0,  -16.2,  -15.3,  -16.2,  -18.3,  -20.4,  -21.2,  -20.3,  -18.2,  458.5,  459.4,  459.5,  458.9,  457.9,  457.2,  456.8,  457.5,  463.5,  460.9,  458.2,  456.6,  456.4,  457.0,  457.9,  456.7,  455.7,  456.0,  457.7,  460.5,  458.7,  458.4,  458.5,  458.9,  459.3,  459.6,  459.5,  459.1,  394.1,  395.7,  397.6,  398.6,  398.1,  396.5,  394.7,  393.8,  393.8,  393.6,  394.0,  395.2,  397.4,  400.6,  403.3,  400.3,  396.9,  394.3,  393.2,  393.3,  395.8,  396.3,  397.1,  397.9,  398.1,  397.6,  396.7,  396.0,  21.6,  17.7,  481.7,  0.224,  0.089,  -0.005,  304.1,  304.1,  306.2,  310.5,  319.0,  332.2,  346.8,  364.0,  384.6,  405.8,  424.0,  440.4,  454.0,  463.1,  467.0,  468.9,  469.3,  317.4,  327.2,  340.7,  354.7,  367.5,  406.8,  421.0,  434.3,  446.9,  455.2,  387.5,  387.3,  387.1,  387.0,  366.4,  376.0,  386.2,  396.8,  406.0,  332.3,  341.9,  352.8,  362.2,  352.0,  341.3,  410.9,  421.0,  431.9,  440.4,  432.5,  422.0,  345.5,  359.3,  374.8,  385.6,  398.2,  414.2,  427.3,  414.2,  398.2,  384.6,  372.6,  357.4,  350.7,  374.3,  385.4,  398.0,  422.5,  398.1,  385.1,  373.5,  258.0,  281.8,  305.1,  327.7,  349.6,  370.1,  388.2,  403.8,  408.6,  404.4,  390.2,  372.4,  352.5,  330.5,  307.3,  282.9,  258.5,  245.4,  235.5,  232.2,  233.9,  238.7,  238.4,  233.5,  232.7,  236.5,  246.0,  259.8,  277.7,  295.4,  313.3,  315.7,  320.9,  325.3,  321.2,  317.2,  262.1,  257.1,  257.6,  263.7,  265.1,  264.7,  264.1,  258.2,  258.2,  263.0,  265.7,  265.7,  335.4,  332.1,  332.7,  335.5,  333.3,  333.6,  337.1,  357.9,  368.0,  369.6,  367.6,  357.1,  337.1,  339.3,  341.1,  339.7,  338.9,  356.5,  358.2,  356.1,  -49.5,  -50.0,  -48.8,  -45.3,  -37.6,  -25.3,  -11.8,  3.5,  21.4,  40.2,  57.2,  72.7,  84.8,  92.1,  94.3,  95.0,  94.8,  -35.4,  -26.9,  -15.7,  -4.2,  6.0,  37.2,  48.6,  59.5,  69.9,  77.2,  21.9,  21.5,  21.3,  21.1,  5.2,  12.8,  20.9,  29.4,  36.9,  -22.9,  -14.8,  -5.9,  1.8,  -6.6,  -15.3,  41.3,  49.4,  58.2,  65.3,  58.7,  50.2,  -12.4,  -0.6,  12.1,  20.7,  31.0,  44.7,  57.1,  45.4,  31.5,  20.3,  10.5,  -2.2,  -8.0,  11.7,  20.7,  31.0,  52.9,  31.5,  20.7,  11.2,  -26.6,  -5.5,  15.5,  36.4,  56.5,  74.7,  89.9,  101.7,  105.1,  102.3,  91.4,  76.3,  58.2,  37.9,  17.0,  -4.4,  -25.6,  -35.4,  -43.1,  -45.3,  -43.5,  -39.3,  -39.4,  -43.5,  -44.3,  -41.4,  -34.1,  -22.5,  -8.2,  5.8,  19.8,  22.4,  26.3,  29.7,  26.5,  23.4,  -21.4,  -25.3,  -24.9,  -19.8,  -18.7,  -19.1,  -19.4,  -24.1,  -24.1,  -20.3,  -18.1,  -18.0,  40.7,  36.6,  36.4,  38.5,  36.7,  37.6,  41.7,  58.6,  66.0,  67.2,  65.8,  58.0,  42.0,  42.0,  43.2,  42.2,  43.1,  56.6,  58.0,  56.5,  515.1,  520.3,  526.9,  532.0,  532.7,  529.2,  521.7,  510.5,  506.9,  510.9,  519.6,  525.4,  524.4,  519.3,  511.8,  507.1,  504.0,  483.3,  477.2,  472.1,  467.0,  463.4,  462.4,  463.8,  465.7,  467.8,  471.2,  463.1,  459.4,  456.0,  453.3,  470.3,  466.0,  463.4,  464.6,  466.6,  479.5,  476.2,  475.0,  473.8,  474.8,  476.1,  471.8,  470.8,  470.4,  472.1,  470.3,  470.5,  498.8,  482.3,  472.7,  470.7,  471.0,  479.4,  492.8,  486.8,  479.8,  478.8,  480.6,  488.0,  497.5,  475.3,  473.2,  473.7,  491.9,  480.6,  480.0,  482.2,  1.198,  0.285,  0.062,  0.003,  386.425,  308.569,  -53.525,  -0.496,  20.135,  -2.568,  -9.081,  5.222,  -5.319,  1.973,  -6.051,  -5.670,  -6.159,  0.424,  8.840,  -0.104,  -0.128,  -1.739,  -0.831,  0.976,  -0.269,  0.674,  -1.631,  3.118,  1.551,  -0.447,  0.317,  0.592,  0.489,  0.001,  -0.035,  0.130,  0.128,  -0.171,  -0.010,  0.075, 0.00, 0.00, 0.43, 0.00, 2.08, 2.00, 0.00, 3.66, 3.46, 1.31, 0.00, 0.55, 0.00, 0.17, 2.21, 0.32, 0.00, 0.00, 0.00, 1.00, 0.00, 1.00, 1.00, 0.00, 1.00, 1.00, 1.00, 0.00, 0.00, 0.00, 0.00, 1.00, 1.00, 0.00, 0.00
42,  0,  1.640,  0.98,  1,  0.136868,  0.269203,  -0.953308,  -0.177613,  0.273849,  -0.945230,  -0.021,  0.279,  343.7,  346.1,  351.6,  357.0,  359.1,  357.2,  351.2,  345.8,  336.1,  338.9,  343.2,  348.8,  354.7,  359.2,  362.4,  358.4,  353.2,  347.7,  342.8,  338.8,  349.2,  351.4,  353.8,  354.7,  353.8,  351.6,  349.3,  348.3,  417.7,  419.5,  425.3,  431.6,  434.8,  432.9,  427.1,  420.3,  413.3,  417.1,  422.4,  428.7,  434.2,  438.2,  440.9,  438.7,  435.1,  430.2,  424.1,  418.0,  423.5,  426.2,  428.7,  429.5,  428.2,  425.4,  422.9,  422.1,  262.3,  256.8,  254.5,  256.8,  262.3,  268.3,  270.1,  267.9,  264.4,  261.6,  259.8,  259.0,  260.1,  262.5,  265.9,  266.6,  266.5,  266.3,  266.0,  265.5,  264.9,  265.9,  264.9,  262.6,  260.3,  259.3,  260.3,  262.6,  263.1,  256.8,  254.1,  256.6,  262.8,  269.2,  271.9,  269.9,  266.3,  262.2,  259.5,  258.4,  259.4,  261.6,  265.0,  266.6,  267.4,  267.8,  267.8,  267.6,  266.1,  267.2,  266.0,  263.3,  260.6,  259.5,  260.7,  263.4,  -12.9,  -11.0,  -6.7,  -2.4,  -0.7,  -2.2,  -6.9,  -11.2,  -19.1,  -16.7,  -13.2,  -8.8,  -4.2,  -0.6,  1.9,  -1.3,  -5.3,  -9.7,  -13.6,  -16.8,  -8.6,  -6.8,  -4.9,  -4.2,  -4.9,  -6.7,  -8.5,  -9.3,  39.7,  41.1,  45.3,  49.8,  52.0,  50.5,  46.3,  41.5,  36.7,  39.3,  42.9,  47.4,  51.5,  54.7,  57.0,  55.0,  52.0,  48.3,  44.0,  39.9,  43.9,  45.8,  47.7,  48.3,  47.4,  45.4,  43.6,  43.0,  -20.3,  -24.7,  -26.5,  -24.7,  -20.3,  -15.5,  -14.1,  -15.9,  -18.8,  -20.9,  -22.2,  -22.8,  -21.9,  -20.1,  -17.4,  -16.9,  -16.9,  -17.0,  -17.3,  -17.8,  -18.2,  -17.5,  -18.2,  -20.1,  -21.9,  -22.7,  -21.9,  -20.1,  -17.1,  -21.6,  -23.6,  -21.9,  -17.5,  -13.0,  -11.1,  -12.4,  -14.9,  -17.7,  -19.6,  -20.5,  -19.9,  -18.5,  -16.2,  -14.9,  -14.2,  -13.9,  -13.9,  -14.0,  -15.1,  -14.4,  -15.2,  -17.2,  -19.1,  -19.8,  -18.9,  -17.0,  459.2,  460.0,  460.0,  459.3,  458.2,  457.6,  457.3,  458.1,  464.3,  461.7,  458.9,  457.1,  456.8,  457.3,  458.1,  457.0,  456.2,  456.6,  458.4,  461.3,  459.2,  458.9,  459.0,  459.3,  459.7,  460.0,  460.0,  459.7,  400.1,  401.8,  403.7,  404.6,  404.1,  402.4,  400.6,  399.7,  399.8,  399.7,  400.1,  401.3,  403.6,  406.8,  409.5,  406.3,  402.8,  400.2,  399.0,  399.1,  401.8,  402.2,  403.0,  403.8,  404.0,  403.6,  402.8,  402.0,  23.0,  19.3,  481.4,  0.228,  0.089,  -0.005,  305.4,  305.6,  307.7,  311.9,  320.3,  333.6,  348.4,  365.6,  386.2,  407.3,  425.6,  442.1,  456.0,  465.3,  469.4,  471.3,  471.7,  318.7,  328.5,  342.1,  356.3,  369.3,  408.0,  422.3,  435.7,  448.5,  456.9,  389.2,  389.0,  388.9,  388.9,  368.2,  377.8,  388.0,  398.6,  407.9,  333.9,  343.6,  354.4,  363.9,  353.6,  343.0,  412.6,  422.6,  433.5,  442.0,  434.1,  423.6,  347.3,  361.2,  376.8,  387.5,  399.9,  415.9,  429.1,  415.9,  400.0,  386.5,  374.6,  359.3,  352.4,  376.3,  387.3,  399.8,  424.3,  399.9,  386.9,  375.5,  259.6,  283.3,  306.3,  328.9,  350.7,  371.2,  389.5,  405.2,  410.1,  406.0,  391.8,  374.1,  354.4,  332.5,  309.3,  285.0,  260.6,  247.7,  237.8,  234.5,  236.1,  241.0,  240.7,  235.8,  235.1,  238.9,  248.3,  262.0,  279.8,  297.5,  315.5,  317.7,  322.9,  327.3,  323.2,  319.2,  264.0,  259.0,  259.5,  265.7,  267.0,  266.6,  265.9,  260.0,  260.0,  264.9,  267.5,  267.5,  337.2,  334.1,  334.8,  337.6,  335.4,  335.6,  338.9,  359.8,  369.8,  371.4,  369.5,  359.0,  338.9,  341.3,  343.1,  341.7,  340.7,  358.4,  360.1,  358.0,  -48.3,  -48.7,  -47.4,  -44.0,  -36.3,  -24.1,  -10.4,  5.0,  22.8,  41.6,  58.6,  74.2,  86.6,  94.1,  96.4,  97.1,  96.8,  -34.3,  -25.9,  -14.5,  -3.0,  7.4,  38.2,  49.7,  60.6,  71.1,  78.5,  23.2,  22.9,  22.7,  22.5,  6.6,  14.3,  22.3,  30.8,  38.4,  -21.5,  -13.4,  -4.5,  3.1,  -5.2,  -13.9,  42.6,  50.7,  59.4,  66.6,  59.9,  51.5,  -10.9,  1.0,  13.6,  22.2,  32.4,  46.1,  58.6,  46.8,  33.0,  21.8,  12.1,  -0.6,  -6.5,  13.3,  22.2,  32.4,  54.5,  33.0,  22.2,  12.8,  -25.1,  -4.2,  16.6,  37.4,  57.5,  75.8,  91.1,  102.9,  106.5,  103.7,  92.7,  77.8,  59.9,  39.7,  18.8,  -2.6,  -23.8,  -33.4,  -41.2,  -43.4,  -41.6,  -37.4,  -37.6,  -41.6,  -42.3,  -39.5,  -32.2,  -20.7,  -6.4,  7.5,  21.4,  24.0,  27.9,  31.3,  28.1,  25.0,  -19.8,  -23.7,  -23.3,  -18.2,  -17.1,  -17.5,  -17.9,  -22.7,  -22.6,  -18.8,  -16.6,  -16.6,  42.2,  38.2,  38.1,  40.1,  38.4,  39.3,  43.2,  60.1,  67.6,  68.7,  67.4,  59.6,  43.5,  43.6,  44.8,  43.8,  44.6,  58.2,  59.5,  58.1,  514.6,  520.0,  526.7,  531.9,  532.6,  529.0,  521.6,  510.4,  506.7,  510.7,  519.3,  525.2,  524.4,  519.6,  512.1,  507.3,  504.0,  482.7,  476.4,  471.2,  466.2,  462.6,  462.1,  463.5,  465.3,  467.2,  470.6,  462.3,  458.7,  455.5,  452.9,  469.9,  465.5,  463.0,  464.2,  466.1,  478.6,  475.2,  474.1,  473.1,  474.0,  475.2,  471.3,  470.2,  469.8,  471.5,  469.9,  470.0,  498.6,  482.2,  472.6,  470.6,  470.9,  479.3,  492.9,  486.9,  479.8,  478.7,  480.5,  488.0,  497.4,  475.2,  473.2,  473.6,  491.9,  480.5,  479.9,  482.1,  1.199,  0.291,  0.060,  0.003,  388.136,  310.475,  -52.486,  -0.793,  20.315,  -3.546,  -8.824,  5.648,  -4.352,  2.470,  -4.636,  -4.926,  -6.380,  1.268,  9.046,  0.026,  -0.404,  -1.769,  -0.662,  0.633,  -0.062,  0.901,  -1.756,  2.716,  1.557,  -0.395,  -0.068,  0.798,  0.550,  -0.053,  0.023,  0.158,  0.106,  -0.142,  -0.014,  0.064, 0.00, 0.00, 0.43, 0.00, 2.07, 2.09, 0.00, 3.59, 3.50, 1.36, 0.00, 0.45, 0.00, 0.22, 2.13, 0.18, 0.00, 0.00, 0.00, 1.00, 0.00, 1.00, 1.00, 0.00, 1.00, 1.00, 1.00, 0.00, 0.00, 0.00, 0.00, 1.00, 1.00, 0.00, 0.00
43,  0,  1.680,  0.98,  1,  0.117945,  0.271723,  -0.955121,  -0.216638,  0.279155,  -0.935489,  -0.052,  0.284,  344.4,  346.7,  352.4,  358.0,  360.2,  358.3,  352.3,  346.7,  337.4,  340.0,  344.1,  349.5,  355.6,  360.5,  364.0,  359.8,  354.3,  348.6,  343.7,  339.9,  350.2,  352.5,  354.8,  355.8,  354.8,  352.5,  350.2,  349.2,  418.3,  420.1,  426.0,  432.4,  435.6,  433.8,  428.0,  421.0,  414.5,  418.3,  423.6,  430.1,  435.6,  439.4,  441.9,  440.2,  436.8,  432.0,  425.8,  419.5,  424.4,  426.9,  429.2,  430.0,  428.7,  426.2,  423.9,  423.1,  264.2,  258.3,  255.7,  257.9,  263.6,  269.9,  272.1,  269.9,  265.9,  263.1,  261.3,  260.4,  261.5,  263.8,  267.2,  268.0,  268.0,  268.0,  267.7,  267.1,  266.6,  267.5,  266.4,  264.0,  261.7,  260.8,  261.8,  264.3,  264.5,  258.0,  255.4,  258.0,  264.5,  271.0,  273.6,  271.5,  268.0,  263.6,  260.6,  259.3,  260.4,  262.9,  266.7,  268.3,  269.0,  269.3,  269.3,  269.3,  267.4,  268.5,  267.5,  264.9,  262.4,  261.3,  262.3,  264.9,  -11.9,  -10.1,  -5.8,  -1.6,  0.2,  -1.3,  -5.9,  -10.2,  -17.5,  -15.3,  -12.1,  -7.9,  -3.3,  0.4,  3.0,  -0.2,  -4.3,  -8.6,  -12.4,  -15.5,  -7.5,  -5.7,  -3.9,  -3.2,  -3.9,  -5.7,  -7.5,  -8.2,  38.7,  40.1,  44.3,  48.7,  50.8,  49.3,  45.2,  40.5,  36.1,  38.7,  42.3,  46.7,  50.7,  53.8,  55.9,  54.2,  51.4,  47.9,  43.6,  39.4,  43.0,  44.7,  46.3,  46.9,  46.1,  44.4,  42.7,  42.1,  -18.2,  -22.7,  -24.6,  -22.9,  -18.5,  -13.7,  -12.1,  -13.8,  -17.1,  -19.1,  -20.4,  -20.9,  -20.1,  -18.3,  -15.8,  -15.1,  -15.1,  -15.2,  -15.5,  -16.0,  -16.3,  -15.6,  -16.4,  -18.3,  -20.1,  -20.8,  -20.0,  -18.1,  -15.6,  -20.0,  -21.9,  -20.1,  -15.8,  -11.4,  -9.6,  -10.9,  -13.2,  -16.2,  -18.2,  -19.2,  -18.6,  -17.0,  -14.5,  -13.3,  -12.8,  -12.5,  -12.4,  -12.4,  -13.7,  -13.0,  -13.8,  -15.5,  -17.2,  -17.9,  -17.2,  -15.4,  443.6,  444.1,  443.6,  442.4,  441.3,  440.9,  441.3,  442.4,  449.3,  446.4,  443.3,  441.1,  440.4,  440.6,  441.2,  440.4,  439.9,  440.7,  442.9,  446.1,  443.2,  442.8,  442.6,  442.8,  443.2,  443.7,  443.9,  443.7,  385.9,  387.8,  389.8,  390.9,  390.3,  388.5,  386.5,  385.5,  385.2,  385.4,  386.1,  387.7,  390.3,  393.7,  396.5,  393.2,  389.4,  386.5,  385.1,  384.8,  387.8,  388.2,  389.0,  389.7,  390.0,  389.5,  388.8,  388.0,  24.1,  20.6,  481.0,  0.231,  0.091,  -0.008,  306.6,  306.7,  309.0,  313.4,  322.0,  335.5,  350.6,  367.9,  388.2,  408.9,  426.8,  443.1,  457.1,  466.6,  470.8,  472.7,  473.1,  319.9,  329.8,  343.5,  357.6,  370.5,  409.4,  423.6,  436.9,  449.7,  458.2,  390.5,  390.3,  390.3,  390.3,  369.6,  379.2,  389.4,  400.0,  409.2,  335.0,  344.7,  355.6,  365.1,  354.8,  344.1,  413.9,  423.9,  434.8,  443.4,  435.6,  425.0,  348.9,  362.7,  378.3,  389.0,  401.4,  417.3,  430.4,  417.4,  401.5,  388.1,  376.3,  360.9,  354.0,  377.8,  388.8,  401.3,  425.7,  401.4,  388.5,  377.1,  260.7,  284.6,  308.0,  330.9,  352.9,  373.4,  391.4,  406.8,  411.4,  407.3,  393.3,  375.9,  356.4,  334.5,  311.2,  286.6,  261.9,  249.1,  239.2,  236.0,  237.6,  242.4,  242.1,  237.2,  236.6,  240.2,  249.4,  263.4,  281.4,  299.3,  317.3,  319.4,  324.7,  329.1,  324.9,  320.9,  265.5,  260.3,  260.8,  267.3,  268.6,  268.2,  267.5,  261.3,  261.2,  266.2,  268.9,  269.0,  338.8,  335.8,  336.4,  339.2,  337.0,  337.2,  340.3,  361.3,  371.5,  373.1,  371.2,  360.7,  340.5,  342.8,  344.5,  343.2,  342.2,  360.1,  361.9,  359.9,  -47.2,  -47.6,  -46.2,  -42.6,  -34.7,  -22.2,  -8.4,  6.9,  24.6,  42.9,  59.6,  75.0,  87.5,  95.2,  97.5,  98.2,  97.9,  -33.2,  -24.7,  -13.4,  -1.9,  8.3,  39.2,  50.6,  61.4,  71.9,  79.4,  24.2,  23.9,  23.7,  23.6,  7.8,  15.4,  23.4,  31.9,  39.4,  -20.5,  -12.5,  -3.5,  4.1,  -4.2,  -13.0,  43.6,  51.6,  60.4,  67.6,  60.9,  52.4,  -9.5,  2.3,  14.9,  23.4,  33.5,  47.2,  59.7,  48.0,  34.3,  23.1,  13.4,  0.8,  -5.1,  14.6,  23.4,  33.6,  55.5,  34.2,  23.5,  14.2,  -24.1,  -3.0,  18.1,  39.2,  59.4,  77.6,  92.7,  104.2,  107.5,  104.7,  94.0,  79.4,  61.7,  41.5,  20.4,  -1.2,  -22.6,  -32.2,  -39.9,  -42.0,  -40.3,  -36.2,  -36.4,  -40.4,  -41.1,  -38.4,  -31.2,  -19.5,  -5.2,  8.8,  22.8,  25.4,  29.3,  32.7,  29.4,  26.3,  -18.5,  -22.6,  -22.1,  -16.8,  -15.8,  -16.2,  -16.6,  -21.6,  -21.6,  -17.7,  -15.4,  -15.3,  43.6,  39.6,  39.4,  41.4,  39.7,  40.5,  44.3,  61.4,  68.9,  70.1,  68.8,  61.0,  44.9,  44.8,  46.0,  44.9,  45.8,  59.6,  61.0,  59.6,  513.6,  519.2,  526.1,  531.4,  532.1,  528.5,  521.1,  510.0,  506.5,  510.4,  518.9,  524.7,  523.8,  519.1,  511.6,  506.7,  503.2,  481.5,  475.3,  470.3,  465.3,  461.7,  461.1,  462.5,  464.3,  466.1,  469.5,  461.6,  458.1,  454.9,  452.4,  469.3,  464.9,  462.3,  463.5,  465.3,  477.7,  474.3,  473.1,  472.1,  473.0,  474.3,  470.3,  469.2,  468.9,  470.6,  468.9,  469.0,  498.1,  481.8,  472.4,  470.3,  470.7,  479.1,  492.4,  486.7,  479.8,  478.8,  480.5,  487.8,  496.9,  474.8,  472.8,  473.2,  491.5,  480.6,  480.0,  482.2,  1.200,  0.296,  0.059,  0.001,  389.549,  312.060,  -53.787,  -0.715,  20.540,  -3.099,  -7.521,  6.313,  -3.071,  3.133,  -4.806,  -5.612,  -6.242,  1.582,  9.385,  0.066,  -0.631,  -1.361,  -0.946,  0.794,  -0.330,  1.279,  -1.783,  3.058,  1.042,  -0.204,  -0.035,  0.793,  0.512,  0.011,  -0.039,  0.117,  0.103,  -0.086,  -0.041,  0.109, 0.00, 0.00, 0.42, 0.00, 2.03, 2.03, 0.00, 3.59, 3.53, 1.35, 0.00, 0.46, 0.00, 0.28, 2.04, 0.05, 0.00, 0.00, 0.00, 0.00, 0.00, 1.00, 1.00, 0.00, 1.00, 1.00, 1.00, 0.00, 0.00, 0.00, 0.00, 1.00, 1.00, 0.00, 0.00
44,  0,  1.720,  0.98,  1,  0.101953,  0.258637,  -0.960579,  -0.223695,  0.282956,  -0.932682,  -0.064,  0.279,  344.6,  347.2,  353.1,  358.8,  361.1,  359.0,  352.6,  346.9,  337.7,  340.5,  344.8,  350.5,  356.8,  361.8,  365.5,  361.0,  355.3,  349.4,  344.2,  340.2,  350.7,  353.1,  355.4,  356.4,  355.5,  353.2,  350.8,  349.8,  418.9,  420.9,  426.9,  433.3,  436.4,  434.4,  428.4,  421.5,  415.2,  419.2,  424.7,  431.2,  436.6,  440.4,  442.8,  440.9,  437.4,  432.5,  426.4,  420.1,  424.9,  427.5,  429.9,  430.8,  429.5,  426.9,  424.5,  423.7,  266.3,  260.3,  257.5,  259.6,  265.4,  271.9,  274.2,  272.1,  268.5,  265.3,  263.0,  261.9,  263.2,  265.8,  269.5,  270.2,  269.9,  269.8,  269.7,  269.5,  268.7,  269.6,  268.5,  266.0,  263.7,  262.8,  264.0,  266.4,  266.1,  259.5,  256.7,  259.4,  266.0,  272.6,  275.4,  273.3,  269.7,  265.4,  262.5,  261.2,  262.2,  264.4,  267.9,  269.6,  270.5,  270.9,  271.0,  270.9,  269.1,  270.2,  269.0,  266.3,  263.7,  262.6,  263.7,  266.4,  -11.2,  -9.4,  -5.1,  -0.9,  0.8,  -0.7,  -5.3,  -9.5,  -16.4,  -14.3,  -11.1,  -6.9,  -2.3,  1.3,  4.0,  0.7,  -3.4,  -7.7,  -11.5,  -14.5,  -6.8,  -5.0,  -3.3,  -2.6,  -3.3,  -5.0,  -6.7,  -7.4,  38.9,  40.4,  44.5,  49.0,  51.0,  49.5,  45.3,  40.6,  36.4,  39.1,  42.7,  47.2,  51.2,  54.2,  56.2,  54.5,  51.7,  48.0,  43.8,  39.6,  43.1,  44.9,  46.6,  47.2,  46.4,  44.6,  42.9,  42.3,  -15.8,  -20.3,  -22.3,  -20.6,  -16.4,  -11.6,  -10.0,  -11.6,  -14.4,  -16.7,  -18.2,  -18.9,  -18.0,  -16.1,  -13.4,  -12.9,  -13.0,  -13.1,  -13.3,  -13.6,  -14.0,  -13.4,  -14.2,  -16.0,  -17.7,  -18.3,  -17.5,  -15.7,  -14.4,  -18.9,  -20.9,  -19.1,  -14.7,  -10.2,  -8.3,  -9.7,  -12.1,  -14.9,  -16.9,  -17.8,  -17.3,  -15.9,  -13.7,  -12.4,  -11.7,  -11.3,  -11.2,  -11.3,  -12.6,  -11.9,  -12.6,  -14.5,  -16.2,  -17.0,  -16.2,  -14.4,  423.7,  424.5,  424.1,  422.6,  420.9,  420.2,  420.5,  422.0,  429.3,  426.5,  423.4,  421.2,  420.3,  420.3,  420.6,  419.7,  419.3,  420.2,  422.5,  425.9,  422.9,  422.4,  422.2,  422.5,  423.2,  423.8,  424.0,  423.6,  383.9,  385.4,  387.3,  388.5,  388.3,  386.8,  384.9,  383.8,  383.5,  383.4,  384.0,  385.5,  388.2,  391.7,  394.7,  391.5,  387.8,  384.9,  383.4,  383.2,  385.9,  386.4,  387.1,  387.7,  387.8,  387.3,  386.6,  386.0,  24.6,  21.8,  478.5,  0.223,  0.092,  -0.012,  307.1,  307.3,  309.6,  314.1,  322.7,  336.1,  351.2,  368.7,  389.3,  410.2,  428.1,  444.4,  458.2,  467.6,  471.9,  473.9,  474.5,  320.2,  329.7,  343.3,  357.8,  370.9,  409.7,  424.1,  437.9,  451.1,  459.8,  390.8,  390.7,  390.7,  390.7,  370.2,  379.8,  390.1,  400.7,  410.0,  335.6,  345.4,  356.4,  366.0,  355.7,  344.9,  414.4,  424.6,  435.7,  444.5,  436.5,  425.8,  349.9,  363.6,  379.1,  389.6,  401.9,  417.9,  431.3,  418.1,  402.3,  389.0,  377.2,  361.9,  355.1,  378.6,  389.5,  401.8,  426.5,  402.0,  389.3,  377.9,  263.0,  286.9,  310.2,  332.8,  354.7,  375.0,  393.1,  408.5,  413.2,  409.0,  395.0,  377.5,  357.8,  335.7,  312.3,  287.5,  262.6,  251.2,  240.7,  237.2,  238.8,  243.7,  243.0,  237.6,  236.5,  240.1,  249.7,  265.0,  282.9,  300.6,  318.5,  321.1,  326.2,  330.5,  326.3,  322.2,  267.6,  262.5,  262.9,  269.3,  270.7,  270.4,  269.1,  262.8,  262.6,  267.5,  270.4,  270.7,  341.0,  337.8,  338.3,  341.0,  338.8,  339.1,  342.2,  363.3,  373.3,  375.0,  373.1,  362.7,  342.6,  344.8,  346.4,  345.1,  344.0,  362.0,  363.7,  361.8,  -46.6,  -46.9,  -45.4,  -41.7,  -33.9,  -21.6,  -7.9,  7.6,  25.5,  43.9,  60.5,  75.8,  88.1,  95.7,  98.2,  99.1,  99.1,  -32.9,  -24.8,  -13.4,  -1.7,  8.6,  39.2,  50.7,  61.8,  72.7,  80.4,  24.3,  24.1,  23.9,  23.7,  8.2,  15.8,  23.8,  32.3,  39.9,  -20.0,  -11.9,  -2.9,  4.9,  -3.5,  -12.3,  43.8,  51.9,  60.8,  68.1,  61.4,  52.8,  -8.6,  2.9,  15.4,  23.8,  33.7,  47.4,  60.1,  48.3,  34.7,  23.7,  14.2,  1.6,  -4.2,  15.1,  23.8,  33.8,  55.9,  34.5,  24.0,  14.8,  -22.0,  -1.0,  19.9,  40.7,  60.7,  78.8,  93.9,  105.4,  108.6,  105.7,  95.1,  80.4,  62.6,  42.5,  21.3,  -0.4,  -22.0,  -30.4,  -38.6,  -40.9,  -39.2,  -35.0,  -35.4,  -39.8,  -40.9,  -38.3,  -30.9,  -18.2,  -4.0,  9.8,  23.6,  26.6,  30.4,  33.7,  30.4,  27.3,  -16.7,  -20.8,  -20.4,  -15.2,  -14.0,  -14.3,  -15.2,  -20.3,  -20.4,  -16.6,  -14.1,  -13.9,  45.2,  41.1,  40.6,  42.6,  40.9,  41.8,  45.7,  62.6,  70.0,  71.2,  69.9,  62.4,  46.4,  46.1,  47.2,  46.2,  47.1,  60.8,  62.2,  60.8,  511.8,  516.5,  522.7,  527.7,  528.9,  526.0,  519.2,  508.3,  504.4,  508.0,  516.4,  522.1,  521.4,  517.0,  510.2,  505.8,  502.9,  480.7,  474.3,  468.5,  463.1,  459.3,  457.8,  459.3,  461.5,  464.3,  468.5,  459.2,  455.7,  452.4,  449.8,  466.9,  462.7,  460.0,  461.3,  463.3,  476.6,  473.0,  471.8,  470.4,  471.6,  472.9,  467.9,  466.9,  466.6,  468.5,  466.6,  466.7,  495.8,  479.2,  469.5,  467.5,  467.7,  476.0,  489.7,  483.6,  476.7,  475.9,  477.7,  485.1,  494.4,  472.1,  470.0,  470.2,  488.7,  477.6,  477.1,  479.4,  1.206,  0.291,  0.058,  -0.003,  390.309,  313.660,  -51.101,  -3.787,  20.403,  -1.248,  -6.288,  4.265,  -3.929,  1.919,  -6.167,  -5.030,  -7.422,  0.878,  8.129,  0.117,  0.139,  -0.888,  -0.819,  1.813,  -0.772,  1.513,  -1.443,  2.490,  1.559,  -0.661,  0.538,  0.863,  0.343,  -0.013,  0.056,  0.016,  0.128,  -0.035,  -0.089,  0.067, 0.00, 0.00, 0.38, 0.00, 1.92, 1.96, 0.00, 3.64, 3.52, 1.25, 0.00, 0.44, 0.00, 0.20, 2.14, 0.03, 0.00, 0.00, 0.00, 1.00, 0.00, 1.00, 1.00, 0.00, 1.00, 1.00, 1.00, 0.00, 0.00, 0.00, 0.00, 1.00, 0.00, 0.00, 0.00
45,  0,  1.760,  0.98,  1,  0.122988,  0.235260,  -0.964120,  -0.225792,  0.260000,  -0.938839,  -0.054,  0.255,  345.3,  347.6,  353.1,  358.5,  360.7,  358.8,  352.9,  347.5,  338.0,  340.8,  344.9,  350.4,  356.3,  360.9,  364.3,  360.3,  355.0,  349.5,  344.6,  340.7,  350.8,  353.1,  355.4,  356.4,  355.5,  353.2,  350.8,  349.8,  418.7,  420.6,  426.5,  432.9,  436.1,  434.2,  428.3,  421.4,  414.8,  418.9,  424.5,  431.0,  436.5,  440.2,  442.5,  440.7,  437.3,  432.4,  426.2,  419.8,  424.8,  427.3,  429.6,  430.4,  429.1,  426.6,  424.3,  423.5,  268.8,  263.2,  260.9,  263.1,  268.6,  274.6,  276.5,  274.3,  271.0,  268.2,  266.4,  265.5,  266.5,  268.7,  272.0,  273.0,  273.1,  273.2,  272.9,  272.3,  271.3,  272.3,  271.3,  268.9,  266.5,  265.6,  266.6,  269.0,  268.8,  262.1,  259.2,  261.9,  268.5,  275.2,  278.1,  276.0,  272.7,  268.2,  265.0,  263.6,  264.6,  267.0,  270.7,  272.4,  273.3,  273.7,  273.8,  273.8,  271.6,  272.6,  271.5,  268.9,  266.3,  265.3,  266.4,  269.0,  -11.6,  -9.7,  -5.4,  -1.2,  0.5,  -1.0,  -5.6,  -9.8,  -17.5,  -15.2,  -11.9,  -7.5,  -2.9,  0.7,  3.3,  0.2,  -3.9,  -8.2,  -12.1,  -15.3,  -7.3,  -5.5,  -3.6,  -2.8,  -3.6,  -5.4,  -7.2,  -8.0,  38.2,  39.6,  43.7,  48.0,  50.1,  48.7,  44.6,  40.0,  35.6,  38.3,  42.0,  46.4,  50.4,  53.4,  55.3,  53.6,  50.9,  47.3,  43.0,  38.9,  42.4,  44.1,  45.7,  46.3,  45.5,  43.8,  42.2,  41.6,  -15.1,  -19.5,  -21.4,  -19.6,  -15.2,  -10.5,  -9.0,  -10.7,  -13.6,  -15.7,  -17.0,  -17.6,  -16.9,  -15.1,  -12.6,  -11.7,  -11.6,  -11.6,  -11.8,  -12.4,  -13.1,  -12.4,  -13.2,  -15.0,  -16.9,  -17.6,  -16.9,  -15.0,  -12.5,  -16.9,  -18.9,  -17.2,  -12.9,  -8.4,  -6.5,  -7.8,  -9.9,  -12.9,  -15.0,  -16.0,  -15.4,  -13.9,  -11.6,  -10.4,  -9.7,  -9.4,  -9.2,  -9.2,  -10.8,  -10.1,  -10.8,  -12.6,  -14.3,  -14.9,  -14.2,  -12.5,  457.3,  457.9,  457.8,  456.9,  455.9,  455.4,  455.4,  456.3,  462.7,  459.9,  457.0,  455.2,  454.7,  455.2,  456.1,  454.9,  454.2,  454.7,  456.6,  459.6,  457.3,  456.9,  456.9,  457.1,  457.6,  457.9,  458.0,  457.7,  378.5,  379.9,  381.8,  383.1,  383.0,  381.5,  379.6,  378.4,  377.9,  377.8,  378.4,  380.1,  382.9,  386.5,  389.6,  386.2,  382.4,  379.5,  378.0,  377.6,  380.5,  381.0,  381.8,  382.3,  382.4,  381.9,  381.2,  380.6,  24.8,  24.2,  480.3,  0.204,  0.095,  -0.019,  307.1,  307.5,  310.0,  314.7,  323.5,  337.0,  352.0,  369.3,  389.8,  410.8,  428.9,  445.3,  458.9,  467.8,  471.6,  473.4,  473.8,  320.0,  329.1,  342.5,  356.7,  369.7,  410.4,  424.5,  437.8,  450.5,  458.8,  390.7,  390.7,  390.8,  390.9,  370.3,  380.0,  390.3,  400.8,  410.1,  335.6,  345.2,  356.2,  365.7,  355.5,  344.7,  414.4,  424.4,  435.5,  444.1,  436.2,  425.6,  350.3,  363.8,  379.3,  389.9,  402.2,  418.2,  431.5,  418.6,  402.8,  389.4,  377.6,  362.3,  355.5,  378.9,  389.8,  402.2,  426.7,  402.5,  389.7,  378.3,  266.9,  290.9,  314.2,  337.0,  358.9,  379.2,  397.2,  412.4,  416.9,  412.4,  398.0,  380.1,  360.1,  337.9,  314.7,  290.3,  265.8,  254.8,  244.0,  240.1,  241.4,  246.0,  245.3,  240.3,  239.4,  243.2,  252.9,  267.6,  285.6,  303.4,  321.4,  324.0,  329.0,  333.2,  328.9,  324.8,  270.7,  265.5,  265.9,  272.1,  273.6,  273.4,  271.8,  265.6,  265.5,  270.3,  273.1,  273.3,  344.1,  340.3,  340.6,  343.2,  340.9,  341.2,  344.6,  365.6,  375.8,  377.5,  375.7,  365.6,  345.6,  347.4,  349.0,  347.6,  346.5,  364.1,  365.9,  364.1,  -46.8,  -46.9,  -45.2,  -41.4,  -33.3,  -20.9,  -7.2,  8.1,  25.9,  44.5,  61.4,  76.8,  88.9,  96.0,  98.0,  98.7,  98.4,  -33.2,  -25.3,  -14.2,  -2.7,  7.7,  40.0,  51.4,  62.2,  72.6,  79.8,  24.4,  24.2,  24.1,  24.0,  8.4,  16.0,  24.1,  32.6,  40.1,  -20.1,  -12.1,  -3.1,  4.7,  -3.7,  -12.5,  44.0,  52.0,  60.9,  68.1,  61.5,  52.9,  -8.3,  3.1,  15.6,  24.1,  34.1,  47.8,  60.4,  48.8,  35.1,  24.1,  14.5,  1.9,  -3.9,  15.4,  24.2,  34.3,  56.2,  35.0,  24.4,  15.1,  -18.7,  2.6,  23.7,  44.7,  64.7,  82.8,  97.8,  109.0,  112.1,  109.0,  97.9,  82.9,  64.8,  44.5,  23.4,  2.0,  -19.2,  -27.6,  -36.1,  -38.8,  -37.4,  -33.4,  -33.9,  -38.0,  -38.8,  -36.0,  -28.4,  -16.2,  -1.9,  12.0,  26.0,  29.0,  32.8,  36.0,  32.6,  29.4,  -14.2,  -18.4,  -18.0,  -12.9,  -11.7,  -11.9,  -13.1,  -18.1,  -18.2,  -14.3,  -12.0,  -11.8,  48.0,  43.3,  42.6,  44.5,  42.7,  43.7,  47.8,  64.7,  72.1,  73.4,  72.2,  64.9,  49.2,  48.4,  49.5,  48.3,  49.3,  62.6,  64.1,  62.9,  514.2,  519.3,  525.5,  530.2,  531.0,  527.5,  520.3,  509.3,  505.4,  509.1,  517.4,  523.1,  522.3,  517.4,  510.3,  505.8,  503.0,  482.9,  476.8,  471.4,  466.4,  462.7,  461.3,  462.7,  464.4,  466.4,  469.7,  462.1,  458.5,  455.2,  452.5,  469.2,  464.9,  462.2,  463.4,  465.4,  478.4,  475.0,  473.8,  472.5,  473.6,  474.9,  470.5,  469.3,  468.9,  470.4,  468.8,  469.0,  497.2,  480.7,  471.0,  468.9,  469.1,  477.4,  491.0,  484.7,  477.5,  476.6,  478.5,  486.0,  496.0,  473.8,  471.6,  471.9,  489.9,  478.5,  478.0,  480.3,  1.202,  0.278,  0.063,  -0.010,  390.426,  316.535,  -53.018,  -1.434,  19.235,  -3.073,  -8.440,  4.414,  -5.478,  1.791,  -6.845,  -6.511,  -7.978,  1.348,  9.822,  0.168,  1.064,  -2.179,  -0.565,  1.356,  0.349,  1.355,  -1.415,  2.227,  1.676,  -0.758,  0.558,  0.910,  0.437,  0.137,  -0.073,  0.096,  0.122,  -0.157,  -0.064,  0.076, 0.00, 0.00, 0.30, 0.00, 1.77, 1.76, 0.00, 3.63, 3.51, 1.21, 0.00, 0.55, 0.00, 0.12, 2.17, 0.05, 0.00, 0.00, 0.00, 1.00, 0.00, 1.00, 1.00, 0.00, 1.00, 1.00, 1.00, 0.00, 0.00, 0.00, 0.00, 1.00, 0.00, 0.00, 0.00
46,  0,  1.800,  0.98,  1,  0.124613,  0.233806,  -0.964265,  -0.200818,  0.270359,  -0.941583,  -0.040,  0.259,  344.1,  346.4,  352.1,  357.7,  360.0,  358.1,  352.1,  346.4,  336.9,  339.6,  343.7,  349.2,  355.3,  360.2,  363.9,  359.6,  354.1,  348.4,  343.5,  339.5,  349.8,  352.2,  354.7,  355.7,  354.7,  352.2,  349.8,  348.8,  418.4,  420.3,  426.2,  432.5,  435.6,  433.7,  427.8,  421.0,  414.1,  418.2,  423.6,  430.2,  435.7,  439.6,  442.0,  440.0,  436.5,  431.5,  425.4,  419.0,  424.3,  426.9,  429.3,  430.1,  428.8,  426.2,  423.8,  423.0,  273.2,  267.3,  264.8,  267.0,  272.8,  279.1,  281.2,  278.9,  274.8,  272.5,  270.9,  270.2,  271.0,  273.0,  275.8,  277.2,  277.6,  277.8,  277.4,  276.5,  275.7,  276.7,  275.6,  273.1,  270.6,  269.6,  270.7,  273.2,  272.9,  266.2,  263.2,  265.8,  272.3,  279.0,  281.9,  279.9,  276.3,  271.9,  268.8,  267.4,  268.4,  270.6,  274.1,  276.1,  277.1,  277.7,  277.7,  277.6,  275.6,  276.7,  275.5,  272.7,  270.0,  269.0,  270.2,  272.9,  -12.1,  -10.3,  -6.0,  -1.8,  -0.0,  -1.4,  -6.0,  -10.3,  -17.8,  -15.6,  -12.4,  -8.2,  -3.5,  0.2,  2.9,  -0.3,  -4.4,  -8.8,  -12.6,  -15.6,  -7.7,  -5.9,  -4.0,  -3.3,  -4.0,  -5.9,  -7.7,  -8.5,  38.5,  39.9,  44.0,  48.4,  50.5,  49.0,  44.9,  40.2,  35.6,  38.3,  42.0,  46.5,  50.5,  53.5,  55.6,  53.8,  50.9,  47.3,  43.1,  38.9,  42.6,  44.4,  46.1,  46.7,  45.9,  44.1,  42.4,  41.8,  -11.3,  -15.7,  -17.6,  -15.9,  -11.5,  -6.7,  -5.1,  -6.9,  -10.1,  -11.9,  -13.0,  -13.5,  -12.8,  -11.4,  -9.2,  -8.1,  -7.8,  -7.7,  -8.0,  -8.8,  -9.3,  -8.6,  -9.4,  -11.3,  -13.2,  -14.0,  -13.2,  -11.2,  -10.0,  -14.5,  -16.5,  -14.8,  -10.5,  -6.0,  -4.0,  -5.3,  -7.7,  -10.6,  -12.7,  -13.6,  -13.1,  -11.7,  -9.4,  -8.0,  -7.2,  -6.8,  -6.8,  -6.8,  -8.2,  -7.5,  -8.3,  -10.2,  -12.0,  -12.7,  -11.8,  -10.0,  441.6,  441.9,  441.4,  440.4,  439.6,  439.6,  439.9,  440.8,  447.4,  444.3,  441.2,  439.1,  438.5,  438.9,  439.9,  438.9,  438.3,  439.0,  441.1,  444.2,  441.5,  441.1,  440.9,  441.0,  441.4,  441.8,  442.0,  441.9,  383.5,  384.8,  386.5,  387.8,  387.8,  386.6,  384.8,  383.6,  383.1,  382.9,  383.3,  384.8,  387.5,  391.0,  394.2,  390.8,  387.2,  384.4,  383.0,  382.8,  385.6,  386.1,  386.8,  387.3,  387.3,  386.8,  386.1,  385.6,  24.3,  27.2,  477.6,  0.201,  0.095,  -0.024,  306.4,  306.7,  309.1,  313.7,  322.5,  336.0,  351.2,  368.9,  389.9,  411.2,  429.5,  446.1,  459.7,  468.5,  472.1,  473.6,  473.7,  319.2,  328.1,  341.4,  355.5,  368.6,  409.5,  423.8,  437.3,  450.1,  458.4,  389.8,  389.9,  390.0,  390.3,  369.8,  379.5,  389.8,  400.3,  409.5,  334.6,  344.2,  355.3,  364.9,  354.6,  343.8,  413.5,  423.7,  434.7,  443.5,  435.6,  424.9,  349.8,  363.2,  378.6,  389.4,  401.7,  417.8,  431.2,  418.3,  402.5,  389.1,  377.2,  361.9,  355.0,  378.3,  389.3,  401.8,  426.4,  402.1,  389.2,  377.8,  271.8,  295.3,  318.3,  340.8,  362.4,  382.7,  400.9,  416.4,  421.0,  416.3,  401.5,  383.2,  363.1,  340.7,  317.4,  292.9,  268.5,  258.9,  248.2,  244.2,  245.4,  249.9,  249.0,  243.7,  242.7,  246.6,  256.4,  271.8,  289.8,  307.6,  325.7,  328.4,  333.3,  337.5,  333.2,  329.0,  275.0,  269.9,  270.2,  276.3,  277.9,  277.7,  275.6,  269.5,  269.2,  273.9,  276.8,  277.1,  348.3,  344.6,  344.8,  347.4,  345.0,  345.2,  348.5,  369.5,  379.7,  381.5,  379.7,  369.6,  349.8,  351.8,  353.3,  351.9,  350.4,  367.8,  369.6,  367.8,  -47.2,  -47.4,  -45.8,  -42.1,  -34.1,  -21.7,  -7.8,  7.8,  25.9,  44.7,  61.6,  77.2,  89.2,  96.3,  98.1,  98.5,  97.9,  -33.8,  -26.0,  -15.0,  -3.6,  6.8,  39.0,  50.4,  61.4,  71.9,  79.1,  23.5,  23.4,  23.4,  23.4,  7.9,  15.5,  23.6,  31.9,  39.4,  -20.8,  -12.9,  -3.8,  3.9,  -4.4,  -13.2,  43.1,  51.1,  59.9,  67.1,  60.6,  52.0,  -8.7,  2.6,  15.0,  23.5,  33.5,  47.2,  59.7,  48.3,  34.7,  23.7,  14.1,  1.5,  -4.2,  14.8,  23.6,  33.7,  55.6,  34.5,  23.9,  14.6,  -14.3,  6.5,  27.3,  47.9,  67.7,  85.7,  100.7,  112.1,  115.1,  111.9,  100.6,  85.4,  67.2,  46.8,  25.7,  4.3,  -16.8,  -24.1,  -32.5,  -35.4,  -34.0,  -30.1,  -30.7,  -35.0,  -36.0,  -33.0,  -25.4,  -12.8,  1.4,  15.3,  29.2,  32.4,  36.1,  39.2,  35.8,  32.7,  -10.6,  -14.8,  -14.4,  -9.4,  -8.2,  -8.4,  -10.0,  -14.9,  -15.0,  -11.3,  -8.9,  -8.7,  51.3,  46.5,  45.7,  47.6,  45.7,  46.6,  50.8,  67.5,  74.9,  76.2,  75.0,  67.8,  52.4,  51.7,  52.7,  51.5,  52.2,  65.2,  66.7,  65.5,  511.7,  516.7,  523.0,  528.0,  529.1,  525.8,  518.4,  507.2,  503.3,  507.0,  515.3,  521.1,  520.5,  515.8,  508.7,  503.9,  500.8,  480.6,  474.5,  469.0,  463.8,  460.1,  458.1,  459.4,  461.4,  463.7,  467.2,  459.5,  455.9,  452.6,  449.9,  466.6,  462.4,  459.8,  461.0,  463.0,  476.3,  472.7,  471.4,  470.1,  471.2,  472.7,  467.8,  466.5,  466.0,  467.6,  466.0,  466.2,  494.3,  477.7,  467.9,  465.8,  465.9,  474.1,  487.8,  481.5,  474.5,  473.7,  475.6,  483.1,  493.0,  471.0,  468.8,  468.9,  486.6,  475.3,  474.9,  477.2,  1.208,  0.282,  0.063,  -0.016,  389.895,  320.435,  -49.472,  -2.961,  18.233,  -3.199,  -9.666,  3.443,  -6.052,  1.212,  -7.938,  -6.028,  -7.522,  0.638,  10.228,  0.059,  2.023,  -2.024,  -0.756,  1.514,  0.461,  0.937,  -1.839,  2.257,  1.836,  -0.414,  0.399,  0.847,  0.512,  0.047,  -0.090,  0.093,  0.087,  -0.186,  -0.055,  0.096, 0.00, 0.00, 0.36, 0.00, 1.66, 1.73, 0.00, 3.61, 3.48, 1.23, 0.00, 0.60, 0.00, 0.00, 2.22, 0.09, 0.00, 0.00, 0.00, 0.00, 0.00, 1.00, 1.00, 0.00, 1.00, 1.00, 1.00, 0.00, 0.00, 0.00, 0.00, 1.00, 0.00, 0.00, 0.00
47,  0,  1.840,  0.98,  1,  0.141595,  0.225413,  -0.963919,  -0.218995,  0.283023,  -0.933777,  -0.041,  0.262,  342.5,  344.9,  350.6,  356.4,  358.8,  356.9,  350.6,  344.9,  335.1,  338.0,  342.2,  347.7,  353.8,  358.9,  362.6,  358.3,  352.7,  346.8,  341.7,  337.7,  348.5,  350.8,  353.2,  354.2,  353.2,  350.8,  348.5,  347.5,  417.0,  418.5,  424.2,  430.8,  434.3,  432.8,  427.1,  420.1,  413.3,  417.2,  422.6,  429.1,  434.6,  438.2,  440.5,  439.0,  435.8,  431.2,  425.0,  418.5,  423.1,  425.7,  428.0,  428.6,  427.2,  424.6,  422.4,  421.7,  277.8,  272.0,  269.3,  271.2,  276.6,  282.8,  285.1,  283.2,  280.7,  277.7,  275.5,  274.3,  275.1,  277.2,  280.1,  281.2,  281.3,  281.5,  281.7,  281.6,  280.1,  280.8,  279.7,  277.4,  275.2,  274.4,  275.5,  277.9,  276.8,  270.0,  266.9,  269.4,  275.9,  282.8,  285.8,  284.0,  280.5,  276.1,  272.9,  271.3,  272.2,  274.5,  278.0,  279.5,  280.2,  280.7,  281.0,  281.4,  279.5,  280.5,  279.3,  276.6,  274.0,  273.0,  274.2,  276.9,  -13.1,  -11.3,  -7.0,  -2.7,  -0.9,  -2.3,  -6.9,  -11.2,  -18.8,  -16.5,  -13.3,  -9.1,  -4.6,  -0.8,  2.0,  -1.2,  -5.4,  -9.8,  -13.6,  -16.8,  -8.6,  -6.8,  -5.1,  -4.4,  -5.1,  -6.9,  -8.6,  -9.3,  36.8,  37.9,  41.9,  46.3,  48.6,  47.4,  43.5,  38.8,  34.4,  36.9,  40.4,  44.8,  48.8,  51.6,  53.6,  52.1,  49.5,  46.1,  41.9,  37.7,  41.0,  42.7,  44.3,  44.8,  43.9,  42.1,  40.6,  40.1,  -7.6,  -11.9,  -14.0,  -12.5,  -8.5,  -3.8,  -2.2,  -3.6,  -5.5,  -7.7,  -9.3,  -10.2,  -9.6,  -8.0,  -5.9,  -5.0,  -5.0,  -4.8,  -4.7,  -4.8,  -5.9,  -5.3,  -6.2,  -7.9,  -9.6,  -10.1,  -9.3,  -7.6,  -7.2,  -11.7,  -13.7,  -12.2,  -7.9,  -3.4,  -1.4,  -2.6,  -4.8,  -7.7,  -9.8,  -10.8,  -10.3,  -8.9,  -6.6,  -5.6,  -5.1,  -4.7,  -4.5,  -4.3,  -5.5,  -4.9,  -5.7,  -7.4,  -9.1,  -9.8,  -9.0,  -7.2,  433.7,  435.1,  435.1,  433.8,  431.8,  430.5,  430.4,  431.7,  439.2,  436.5,  433.7,  431.8,  431.0,  431.1,  431.5,  430.3,  429.6,  430.3,  432.5,  435.8,  433.1,  432.6,  432.6,  433.2,  433.9,  434.5,  434.4,  433.9,  375.2,  376.9,  379.0,  380.4,  380.2,  378.5,  376.4,  375.0,  374.4,  374.5,  375.4,  377.2,  380.2,  383.8,  386.9,  383.5,  379.6,  376.6,  374.8,  374.2,  377.4,  377.9,  378.8,  379.4,  379.5,  379.0,  378.1,  377.5,  23.5,  30.6,  477.6,  0.218,  0.091,  -0.031,  304.7,  305.1,  307.7,  312.6,  321.7,  335.4,  350.8,  368.6,  389.5,  410.8,  429.0,  445.4,  458.9,  467.7,  471.2,  472.5,  472.6,  317.7,  326.8,  340.2,  354.4,  367.4,  408.3,  422.6,  436.1,  448.9,  457.4,  388.5,  388.6,  388.9,  389.2,  368.8,  378.5,  388.8,  399.3,  408.5,  333.0,  342.7,  353.7,  363.3,  353.0,  342.3,  412.6,  422.7,  433.7,  442.5,  434.6,  423.9,  349.0,  362.3,  377.7,  388.5,  400.9,  417.0,  430.3,  417.7,  401.9,  388.4,  376.4,  361.1,  354.2,  377.4,  388.5,  401.0,  425.6,  401.5,  388.5,  376.9,  275.5,  299.1,  322.1,  344.5,  366.3,  386.6,  404.6,  419.9,  424.3,  419.4,  404.3,  386.0,  365.9,  343.8,  320.7,  296.3,  271.9,  262.7,  252.4,  248.7,  250.2,  254.8,  253.3,  247.6,  246.1,  249.4,  258.7,  276.2,  294.2,  312.1,  330.1,  332.7,  337.7,  341.8,  337.4,  333.1,  279.6,  274.5,  274.7,  280.6,  282.2,  282.1,  279.5,  273.4,  273.0,  277.4,  280.5,  280.9,  352.5,  349.0,  349.3,  351.9,  349.4,  349.3,  352.3,  373.4,  383.9,  385.8,  384.1,  374.0,  354.0,  356.2,  357.7,  356.1,  354.2,  372.1,  374.2,  372.4,  -48.4,  -48.6,  -47.0,  -43.0,  -34.9,  -22.2,  -8.2,  7.5,  25.6,  44.4,  61.2,  76.5,  88.5,  95.4,  97.1,  97.3,  96.7,  -34.9,  -27.0,  -15.9,  -4.4,  5.8,  37.9,  49.2,  60.1,  70.7,  78.1,  22.4,  22.4,  22.5,  22.6,  7.1,  14.7,  22.8,  31.2,  38.6,  -22.1,  -14.1,  -5.1,  2.7,  -5.6,  -14.3,  42.2,  50.1,  58.9,  66.1,  59.6,  51.1,  -9.4,  1.9,  14.3,  22.9,  32.9,  46.6,  59.0,  47.9,  34.3,  23.2,  13.5,  0.9,  -4.9,  14.1,  23.0,  33.1,  54.9,  34.0,  23.4,  14.0,  -10.9,  9.9,  30.6,  51.3,  71.2,  89.2,  104.1,  115.3,  118.3,  114.8,  103.2,  87.8,  69.7,  49.4,  28.5,  7.2,  -13.8,  -20.8,  -29.0,  -31.6,  -30.1,  -26.2,  -27.2,  -31.8,  -33.1,  -30.7,  -23.5,  -9.3,  4.9,  18.7,  32.6,  35.8,  39.5,  42.6,  39.2,  35.9,  -6.9,  -10.9,  -10.7,  -6.0,  -4.7,  -4.8,  -6.8,  -11.7,  -12.0,  -8.5,  -6.0,  -5.7,  54.9,  50.2,  49.4,  51.3,  49.3,  50.0,  54.0,  70.9,  78.5,  80.0,  78.9,  71.6,  56.0,  55.3,  56.3,  55.0,  55.5,  69.0,  70.6,  69.5,  509.2,  514.7,  521.7,  527.4,  528.9,  525.9,  518.8,  508.1,  504.2,  507.9,  515.7,  521.1,  520.0,  514.9,  507.4,  502.5,  499.1,  478.7,  472.5,  467.0,  461.9,  458.3,  456.1,  457.1,  459.1,  461.8,  465.8,  457.9,  454.8,  452.0,  449.8,  466.3,  462.3,  459.8,  460.9,  462.8,  475.1,  471.5,  470.2,  468.9,  470.1,  471.5,  466.2,  464.9,  464.5,  466.1,  464.5,  464.7,  494.4,  478.0,  468.4,  466.3,  466.4,  474.6,  487.9,  482.5,  476.1,  475.4,  477.2,  484.2,  493.0,  471.3,  469.2,  469.4,  486.9,  476.6,  476.3,  478.5,  1.209,  0.305,  0.060,  -0.022,  388.912,  324.425,  -53.057,  -3.647,  17.967,  -3.316,  -7.682,  3.143,  -5.910,  1.358,  -7.346,  -5.572,  -6.416,  0.355,  9.522,  0.248,  2.034,  -0.900,  -1.989,  1.984,  -0.504,  1.071,  -1.354,  2.442,  2.234,  -0.521,  1.095,  0.980,  0.618,  0.116,  -0.024,  -0.094,  0.272,  -0.020,  0.015,  0.154, 0.00, 0.00, 0.41, 0.00, 1.68, 1.67, 0.00, 3.53, 3.50, 1.26, 0.00, 0.62, 0.00, 0.06, 2.14, 0.09, 0.00, 0.00, 0.00, 1.00, 0.00, 1.00, 1.00, 0.00, 1.00, 1.00, 1.00, 0.00, 0.00, 0.00, 0.00, 1.00, 0.00, 0.00, 0.00
48,  0,  1.880,  0.98,  1,  0.129882,  0.242894,  -0.961318,  -0.200829,  0.256712,  -0.945392,  -0.037,  0.256,  340.9,  343.1,  348.7,  354.4,  356.8,  355.0,  349.0,  343.3,  333.8,  336.6,  340.8,  346.1,  352.1,  357.0,  360.7,  356.6,  351.2,  345.5,  340.5,  336.5,  346.7,  349.1,  351.5,  352.4,  351.4,  349.0,  346.6,  345.6,  415.6,  417.3,  423.1,  429.6,  433.0,  431.3,  425.5,  418.5,  411.6,  415.4,  420.7,  427.4,  433.0,  436.8,  439.2,  437.4,  434.1,  429.3,  423.0,  416.6,  421.6,  424.3,  426.8,  427.5,  426.1,  423.4,  420.9,  420.2,  281.9,  276.2,  273.5,  275.4,  280.7,  286.9,  289.1,  287.3,  284.6,  281.7,  279.6,  278.4,  279.1,  281.0,  283.9,  284.8,  284.8,  285.0,  285.2,  285.2,  284.3,  285.1,  283.9,  281.5,  279.2,  278.4,  279.5,  282.0,  279.9,  273.1,  270.0,  272.3,  278.8,  285.7,  288.8,  287.0,  283.9,  279.5,  276.4,  274.9,  275.6,  277.5,  280.8,  282.7,  283.9,  284.6,  284.9,  285.0,  282.6,  283.6,  282.3,  279.4,  276.7,  275.7,  277.0,  279.9,  -14.7,  -13.0,  -8.7,  -4.3,  -2.4,  -3.8,  -8.4,  -12.8,  -20.4,  -18.1,  -14.8,  -10.7,  -6.1,  -2.3,  0.5,  -2.6,  -6.7,  -11.1,  -15.0,  -18.2,  -10.3,  -8.4,  -6.5,  -5.8,  -6.6,  -8.5,  -10.4,  -11.1,  36.3,  37.5,  41.5,  46.0,  48.2,  46.9,  42.9,  38.2,  33.6,  36.1,  39.6,  44.1,  48.2,  51.2,  53.2,  51.5,  48.9,  45.4,  41.1,  36.9,  40.4,  42.3,  44.0,  44.5,  43.6,  41.7,  40.0,  39.5,  -4.7,  -9.1,  -11.2,  -9.7,  -5.6,  -0.8,  0.9,  -0.6,  -2.7,  -4.9,  -6.5,  -7.4,  -6.9,  -5.4,  -3.2,  -2.5,  -2.4,  -2.3,  -2.1,  -2.1,  -2.9,  -2.3,  -3.2,  -5.0,  -6.8,  -7.4,  -6.5,  -4.7,  -5.3,  -9.8,  -11.9,  -10.4,  -6.1,  -1.5,  0.5,  -0.6,  -2.7,  -5.5,  -7.5,  -8.6,  -8.2,  -7.0,  -4.8,  -3.5,  -2.7,  -2.2,  -2.0,  -2.0,  -3.5,  -2.9,  -3.8,  -5.7,  -7.5,  -8.1,  -7.2,  -5.3,  448.3,  449.6,  449.6,  448.3,  446.6,  445.4,  445.3,  446.5,  453.5,  450.9,  448.1,  446.3,  445.6,  445.8,  446.3,  445.1,  444.4,  445.0,  447.1,  450.2,  447.8,  447.3,  447.3,  447.9,  448.6,  449.1,  449.1,  448.6,  379.2,  380.5,  382.4,  383.8,  383.9,  382.6,  380.7,  379.4,  378.9,  378.7,  379.2,  380.7,  383.5,  387.1,  390.2,  387.0,  383.4,  380.5,  378.9,  378.6,  381.4,  381.9,  382.7,  383.3,  383.3,  382.7,  381.9,  381.3,  22.5,  33.7,  478.2,  0.223,  0.091,  -0.039,  303.1,  303.8,  306.7,  311.9,  321.3,  335.3,  350.7,  368.3,  389.1,  410.1,  428.0,  444.2,  457.7,  466.6,  470.2,  471.7,  471.8,  315.7,  325.1,  338.7,  353.0,  366.1,  405.7,  420.2,  433.9,  447.2,  456.2,  386.7,  386.9,  387.3,  387.7,  367.2,  377.0,  387.5,  398.1,  407.4,  331.5,  341.1,  352.1,  361.8,  351.5,  340.8,  411.0,  421.0,  432.0,  440.9,  432.9,  422.3,  347.8,  361.3,  376.8,  387.5,  399.8,  416.0,  429.7,  416.9,  401.2,  387.8,  375.9,  360.4,  353.1,  376.5,  387.5,  399.9,  424.9,  400.6,  387.8,  376.3,  279.7,  303.3,  326.3,  348.6,  370.1,  390.1,  408.0,  423.1,  427.3,  422.2,  407.2,  389.0,  369.0,  347.0,  324.0,  299.7,  275.3,  267.3,  257.3,  253.9,  255.3,  260.0,  258.2,  252.4,  250.7,  253.7,  262.6,  280.3,  298.4,  316.3,  334.4,  336.6,  341.6,  345.8,  341.1,  336.6,  283.5,  278.5,  278.6,  284.4,  286.0,  286.0,  283.0,  276.8,  276.4,  280.7,  283.7,  284.2,  356.0,  352.8,  353.1,  355.6,  353.1,  352.6,  355.1,  376.5,  387.3,  389.4,  387.8,  377.7,  357.5,  359.7,  361.2,  359.5,  357.1,  375.6,  377.7,  376.0,  -50.0,  -49.9,  -47.9,  -43.7,  -35.2,  -22.4,  -8.3,  7.3,  25.3,  43.9,  60.5,  75.6,  87.6,  94.6,  96.4,  96.8,  96.3,  -36.5,  -28.4,  -17.1,  -5.6,  4.8,  35.8,  47.3,  58.3,  69.3,  77.2,  21.0,  21.1,  21.2,  21.4,  5.8,  13.5,  21.7,  30.2,  37.8,  -23.4,  -15.3,  -6.4,  1.4,  -6.9,  -15.6,  40.9,  48.8,  57.5,  64.9,  58.3,  49.8,  -10.4,  1.1,  13.6,  22.1,  32.0,  45.8,  58.6,  47.3,  33.8,  22.8,  13.1,  0.3,  -5.9,  13.4,  22.3,  32.3,  54.5,  33.4,  22.8,  13.5,  -7.3,  13.6,  34.5,  55.1,  74.8,  92.6,  107.3,  118.4,  121.1,  117.5,  106.0,  90.7,  72.6,  52.4,  31.5,  10.1,  -11.0,  -17.0,  -25.0,  -27.4,  -26.0,  -22.1,  -23.4,  -28.0,  -29.5,  -27.3,  -20.4,  -6.1,  8.1,  22.0,  35.9,  39.0,  42.7,  45.7,  42.1,  38.7,  -3.7,  -7.7,  -7.6,  -2.9,  -1.6,  -1.6,  -4.0,  -8.9,  -9.3,  -5.8,  -3.4,  -3.0,  58.0,  53.4,  52.6,  54.3,  52.3,  52.8,  56.4,  73.6,  81.5,  83.1,  82.1,  74.9,  59.2,  58.3,  59.2,  57.8,  58.0,  71.9,  73.6,  72.6,  510.7,  516.0,  522.9,  528.5,  530.0,  527.1,  520.1,  509.2,  505.2,  508.7,  516.7,  522.0,  520.8,  515.8,  508.4,  503.6,  500.4,  479.5,  472.8,  467.2,  461.8,  457.8,  455.7,  457.1,  459.1,  461.9,  466.2,  457.6,  454.7,  452.0,  449.9,  466.6,  462.4,  459.9,  461.1,  463.0,  475.8,  472.1,  470.8,  469.4,  470.6,  472.0,  466.2,  465.0,  464.6,  466.2,  464.6,  464.8,  496.2,  479.3,  469.4,  467.3,  467.3,  475.5,  489.0,  483.5,  477.0,  476.4,  478.3,  485.7,  494.7,  472.3,  470.1,  470.2,  488.2,  477.4,  477.1,  479.4,  1.208,  0.313,  0.061,  -0.030,  387.714,  328.166,  -51.067,  -4.057,  20.472,  -3.749,  -5.933,  4.638,  -5.047,  1.484,  -6.105,  -5.536,  -5.500,  0.795,  8.552,  0.262,  1.516,  -0.608,  -1.329,  1.954,  0.042,  1.103,  -0.515,  2.175,  2.292,  -0.854,  0.581,  1.243,  0.697,  0.102,  -0.023,  -0.002,  0.296,  -0.045,  0.022,  0.127, 0.00, 0.00, 0.48, 0.00, 1.83, 1.85, 0.00, 3.38, 3.53, 1.11, 0.00, 0.55, 0.00, 0.18, 1.98, 0.00, 0.00, 0.00, 0.00, 1.00, 0.00, 1.00, 1.00, 0.00, 1.00, 1.00, 0.00, 0.00, 0.00, 0.00, 0.00, 1.00, 0.00, 0.00, 0.00
